tests/bfosc_g4_slit18_spec.ecsv
# %ECSV 1.0
# ---
# datatype:
# - {name: spectral_axis, unit: Angstrom, datatype: float64}
# - {name: flux, unit: adu, datatype: float64}
# meta: !!omap
# - {DATE-OBS: '2020-04-06T08:41:45'}
# - {EXPTIME: 30.0}
# - {EXPOSURE: 30.0}
# - {SET-TEMP: -80.0}
# - {CCD-TEMP: -79.24700164794922}
# - {XPIXSZ: 13.5}
# - {YPIXSZ: 13.5}
# - {XBINNING: 1}
# - {YBINNING: 1}
# - {XORGSUBF: 0}
# - {YORGSUBF: 0}
# - {IMAGETYP: Light Frame}
# - {FOCALLEN: 0.0}
# - {APTDIA: 0.0}
# - {APTAREA: 0.0}
# - {SBSTDVER: SBFITSEXT Version 1.0}
# - {SWCREATE: MaxIm DL Version 6.11 161111 12SNQ}
# - {SWSERIAL: 12SNQ-REYY8-50EX0-9K639-CAV59-2A}
# - {JD: 2458945.8623263887}
# - {OBJECT: '20200406'}
# - {TELESCOP: ''}
# - {INSTRUME: Andor Tech}
# - {OBSERVER: ''}
# - {NOTES: ''}
# - {FLIPSTAT: ''}
# - {SWOWNER: XingLong Observatory}
# - {FILENAME: 20200406-0011.fit}
# - {WCSDIM: 2}
# - {LTM1_1: 1.0}
# - {LTM2_2: 1.0}
# - {LTV1: 0}
# - {LTV2: -329}
# - {WAT0_001: system=physical}
# - {WAT1_001: wtype=linear}
# - {WAT2_001: wtype=linear}
# - {TRIM: '2022-12-02 08:16 Trim data section is [1:1950,330:1830]'}
# - {CCDSEC: '[1:1950,330:1830]'}
# - {BIASSEC: '[1:1950,1:1501]'}
# - {ZEROCOR: '2022-12-02 08:16 A level of 301 is subtracted'}
# - {CREATE_DEVIATION: creatvar}
# - {CREATVAR: 'ccd_data=<CCDData>, gain=1.41 electron / adu, readnoise=4.64 electron, disregard_nan=True'}
# - {CONCATEN: '2022-12-02 08:16 Data section [1:665, 1:None] is from the first frame.'}
# - {TRANSFOR: '2022-12-02 08:16 Transformed.'}
# - {BUNIT: adu}
# - {EXTNAME: spec}
# - {MODIFIED: '2023-02-04 17:42'}
# - {ORIGIN: Wavelength Calibrator (version 0.0.3)}
# - {DATE: '2023-02-04 17:42'}
# schema: astropy-2.0
spectral_axis flux
[from data line 1675]
8026.770746377567 0.09790610852684217
8029.696781633924 0.03147068303890908
8032.622946239786 0.014733280526914807
8035.549240161403 0.01120271157406232
8038.4756633650195 0.010198708248817323
8041.402215816885 0.010221023310270397
8044.328897483248 0.010565034834440438
8047.25570833036 0.011274288630988887
8050.182648324462 0.011699192614591153
8053.109717431809 0.011803566686930316
8056.036915618646 0.012590568400866519
8058.964242851222 0.012224791616053124
8061.891699095784 0.01168612302955439
8064.819284318585 0.010418558620618338
8067.746998485866 0.009465993850970881
8070.674841563881 0.009438382893694076
8073.602813518877 0.009255705477467237
8076.530914317098 0.009175670735723323
8079.459143924798 0.00946274200765339
8082.3875023082255 0.010145485380462976
8085.315989433624 0.011880221694438682
8088.244605267244 0.022360685497471552
8091.173349775336 0.08048697395572231
8094.102222924144 0.23598377637892
8097.03122467992 0.3675346873076844
8099.960355008911 0.4476467905759666
8102.889613877363 0.5705361716394628
8105.81900125153 0.8258029525380987
8108.748517097654 1.0
8111.678161381986 0.9983613566743567
8114.607934070775 0.883196838939955
8117.537835130266 0.7952770627206537
8120.467864526712 0.6878385599641711
8123.398022226358 0.474612550496518
8126.328308195456 0.22911025040044797
8129.258722400247 0.08180987814530923
8132.189264806988 0.026451297791481185
8135.119935381921 0.013488791693298465
8138.050734091295 0.009885074377482265
8140.981660901362 0.008858897825289366
8143.912715778368 0.007941865188685275
8146.843898688559 0.007580641390353743
8149.775209598189 0.007178009085424597
8152.706648473499 0.007212778195460611
8155.638215280742 0.006781984083279132
8158.569909986165 0.006756904650367267
8161.501732556018 0.006625013169602926
8164.433682956546 0.0067644474641366525
8167.365761153998 0.006797024029460544
8170.297967114626 0.007110875455090668
8173.230300804674 0.00709864615791891
8176.162762190394 0.007350165904949385
8179.095351238029 0.007280049903318327
8182.028067913834 0.007354401754563401
8184.960912184052 0.007746122444925002
8187.893884014933 0.007664600336066596
8190.826983372724 0.007513044399931676
8193.760210223674 0.007231015560902112
8196.693564534035 0.0071190773219636395
8199.62704627005 0.00696526109337886
8202.56065539797 0.007245395330620499
8205.494391884044 0.007196646515056406
8208.428255694515 0.007232301288817249
8211.362246795637 0.0073822560879470076
8214.296365153657 0.007887137743305602
8217.230610734821 0.00862334751465892
8220.164983505381 0.008771112033367117
8223.099483431582 0.008680641439555397
8226.034110479675 0.008546633284632763
8228.968864615907 0.008362458317407978
8231.903745806523 0.007567100906397914
8234.838754017775 0.007340273844275564
8237.773889215914 0.00693704767523959
8240.709151367182 0.006866741765555074
8243.64454043783 0.0069351035543891324
8246.580056394108 0.00884572977333075
8249.515699202262 0.0207537564874894
8252.451468828542 0.07269957984267925
8255.387365239192 0.17860660018277313
8258.323388400466 0.25538363069429126
8261.25953827861 0.29395092922223454
8264.19581483987 0.30546056757985635
8267.132218050498 0.2976310359373568
8270.06874787674 0.26194518438243264
8273.005404284842 0.17474274184799768
8275.942187241058 0.08850905316423432
8278.879096711635 0.03588153125810241
8281.816132662818 0.013972283532977612
8284.753295060855 0.008560583004896559
8287.690583871998 0.007144682942173579
8290.627999062493 0.0067214540863029795
8293.565540598593 0.0062466122956225095
8296.503208446538 0.006293873007521206
8299.441002572577 0.005857188634701986
8302.378922942968 0.005756396092761655
8305.316969523949 0.005730959921388667
8308.255142281774 0.005722661726170323
8311.193441182688 0.005785931732169723
8314.13186619294 0.005791443096522447
8317.070417278781 0.00589457160894013
8320.009094406456 0.006014961586632192
8322.947897542215 0.006055696096761032
8325.886826652306 0.0060991460684656955
8328.825881702975 0.006603925987359727
8331.765062660474 0.006672950909142997
8334.70436949105 0.006643726787926084
8337.64380216095 0.007119861731155087
8340.583360636425 0.00699377735897262
8343.523044883721 0.006954621896116001
8346.462854869082 0.006960390761880759
8349.402790558766 0.006849268382310462
8352.342851919013 0.006459060804030283
8355.283038916075 0.0064236889559300386
8358.223351516202 0.0063349615977827305
8361.16378968564 0.006770901301086113
8364.104353390636 0.006980141127497483
8367.045042597438 0.007525131552426489
8369.985857272297 0.007831324644371397
8372.926797381459 0.008311325537680722
8375.867862891177 0.008538065594101358
8378.80905376769 0.008864840549841367
8381.750369977257 0.009080306434500546
8384.691811486118 0.009564159220757125
8387.633378260527 0.009950734549559992
8390.57507026673 0.014172899210220417
8393.516887470973 0.04056583113790532
8396.458829839507 0.12976182572419973
8399.400897338577 0.2794313068759365
8402.343089934438 0.3854387331306617
8405.285407593332 0.45343279517374274
8408.22785028151 0.4814104051033568
8411.170417965219 0.5227795587404914
8414.113110610708 0.5955100581382232
8417.055928184225 0.6154710662050582
8419.998870652018 0.6014295971464089
8422.941937980337 0.5784374898524991
8425.885130135428 0.550053576926346
8428.828447083542 0.503674750650688
8431.771888790925 0.3950656861809887
8434.715455223824 0.2365138735857984
8437.659146348487 0.11233584469560522
8440.60296213117 0.03545970449433847
8443.546902538112 0.013913326932732348
8446.490967535567 0.009670673234871469
8449.43515708978 0.008013783613126945
8452.379471167 0.007456804921758014
8455.323909733477 0.006894517601527994
8458.268472755455 0.006233653440748346
8461.21316019919 0.006198500254845962
8464.157972030922 0.006083581676961097
8467.102908216904 0.006012601773644137
8470.047968723382 0.005625846050774894
8472.993153516605 0.005731205134891486
8475.938462562824 0.005671121625127503
8478.883895828283 0.005999915722999643
8481.829453279233 0.005962963958327909
8484.775134881922 0.006143294580233387
8487.720940602596 0.006369257255370303
8490.666870407505 0.006501154175798668
8493.6129242629 0.006531730939815851
8496.559102135023 0.006396432756879865
8499.50540399013 0.006587337065009155
8502.45182979446 0.007630005137092757
8505.39837951427 0.01578504851586213
8508.345053115803 0.05133685853061016
8511.291850565309 0.12974515371643738
8514.238771829037 0.20434382660874287
8517.185816873234 0.2557521613888722
8520.132985664148 0.28330399912273957
8523.080278168029 0.28347530580642655
8526.027694351124 0.2600053486585973
8528.97523417968 0.19472747324996093
8531.922897619947 0.1152120492929437
8534.870684638174 0.05636618652699824
8537.818595200608 0.020489768571204364
8540.766629273498 0.009828550656043513
8543.714786823093 0.007822156006201569
8546.663067815638 0.006689372382313272
8549.611472217384 0.006144579054633607
8552.559999994579 0.005863587363565077
8555.508651113472 0.005365498638983015
8558.457425540308 0.005260747087398167
8561.40632324134 0.004929763406397555
8564.355344182812 0.0049307104707340356
8567.304488330974 0.0048601953239084976
8570.253755652075 0.004494734398392577
8573.20314611236 0.0045944448109305975
8576.152659678082 0.0047277518779405515
8579.102296315488 0.004811157127721786
8582.052055990825 0.004531046737773149
8585.00193867034 0.004614836701022489
8587.951944320284 0.004523078897488517
8590.902072906907 0.0047026317628483414
8593.852324396452 0.005022897016547675
8596.80269875517 0.005573417771181817
8599.753195949308 0.005968528195614875
8602.703815945115 0.006073490815717859
8605.654558708842 0.006448108835772869
8608.605424206733 0.006507351514230505
8611.55641240504 0.006532209689979061
8614.507523270007 0.0061930729957505965
8617.458756767885 0.0059736297232882065
8620.410112864922 0.005825723537432241
8623.361591527366 0.005501458796888318
8626.313192721467 0.005272819481990132
8629.264916413471 0.005015165862526305
8632.216762569627 0.004794044857329667
8635.168731156184 0.0044242404695287
8638.120822139388 0.004438910050354822
8641.073035485491 0.0046865135936513804
8644.025371160737 0.004539371413150686
8646.977829131376 0.0048292007752285485
8649.93040936366 0.005825700194188377
8652.88311182383 0.010228042583610543
8655.83593647814 0.024742699359050678
8658.788883292838 0.04834191620253611
8661.741952234168 0.06599040062737031
8664.695143268382 0.07942531656989692
8667.648456361729 0.08487978188817644
8670.601891480454 0.0831986294749807
8673.555448590805 0.07154656132368754
8676.509127659036 0.049995494856928516
8679.462928651388 0.029596956904288225
8682.416851534115 0.015412257655771037
8685.370896273462 0.007657339152085853
8688.325062835676 0.005294181606466751
8691.27935118701 0.004619167341242363
8694.233761293708 0.004290411108408461
8697.18829312202 0.00415437643585861
8700.142946638196 0.003838549653786003
8703.097721808483 0.0038931708748868262
8706.052618599128 0.004071787203480944
8709.00763697638 0.004009293049339994
8711.96277690649 0.0038978884757985633
8714.918038355696 0.004089013119345896
8717.87342129026 0.003990905685505097
8720.828925676424 0.00423783657185249
8723.784551480438 0.003890624934084464
8726.740298668543 0.0038967534375643474
8729.696167206996 0.0038711171907557184
8732.652157062046 0.003689153639398176
8735.60826819993 0.0036702707646280065
8738.564500586912 0.0037104223495026878
8741.520854189224 0.0036764752515579253
8744.47732897313 0.003754278329064934
8747.433924904864 0.003994019926725058
8750.390641950684 0.0038664688264403954
8753.347480076836 0.0046000331764026806
8756.304439249567 0.00490457895130827
8759.261519435124 0.005261026134222725
8762.218720599758 0.005415900130854525
8765.176042709716 0.005429965551987969
8768.133485731247 0.005175977491965934
8771.091049630597 0.004835127283305171
8774.048734374019 0.00468074467895337
8777.006539927757 0.004199815429457375
8779.964466258061 0.004641208270182933
8782.922513331181 0.004603245024722783
8785.880681113362 0.004858784325198033
8788.838969570848 0.005093005266784251
8791.797378669897 0.005434797837230408
8794.755908376752 0.005336596339563596
8797.714558657663 0.005078406721369963
8800.673329478877 0.004568659134939156
8803.632220806643 0.0042846015468075
8806.59123260721 0.0040261832237891825
8809.550364846826 0.0038088319577072502
8812.509617491734 0.003756540690888844
8815.46899050819 0.0036330625930238516
8818.42848386244 0.0036209764568272775
8821.388097520732 0.0036730562015341427
8824.347831449315 0.0033043899133702484
8827.307685614433 0.0036272765825648918
8830.267659982337 0.0034345774810957694
8833.227754519277 0.0035095401691543904
