tests/bfosc_g4_slit18_spec.ecsv
# %ECSV 1.0
# ---
# datatype:
# - {name: spectral_axis, unit: Angstrom, datatype: float64}
# - {name: flux, unit: adu, datatype: float64}
# meta: !!omap
# - {DATE-OBS: '2020-04-06T08:41:45'}
# - {EXPTIME: 30.0}
# - {EXPOSURE: 30.0}
# - {SET-TEMP: -80.0}
# - {CCD-TEMP: -79.24700164794922}
# - {XPIXSZ: 13.5}
# - {YPIXSZ: 13.5}
# - {XBINNING: 1}
# - {YBINNING: 1}
# - {XORGSUBF: 0}
# - {YORGSUBF: 0}
# - {IMAGETYP: Light Frame}
# - {FOCALLEN: 0.0}
# - {APTDIA: 0.0}
# - {APTAREA: 0.0}
# - {SBSTDVER: SBFITSEXT Version 1.0}
# - {SWCREATE: MaxIm DL Version 6.11 161111 12SNQ}
# - {SWSERIAL: 12SNQ-REYY8-50EX0-9K639-CAV59-2A}
# - {JD: 2458945.8623263887}
# - {OBJECT: '20200406'}
# - {TELESCOP: ''}
# - {INSTRUME: Andor Tech}
# - {OBSERVER: ''}
# - {NOTES: ''}
# - {FLIPSTAT: ''}
# - {SWOWNER: XingLong Observatory}
# - {FILENAME: 20200406-0011.fit}
# - {WCSDIM: 2}
# - {LTM1_1: 1.0}
# - {LTM2_2: 1.0}
# - {LTV1: 0}
# - {LTV2: -329}
# - {WAT0_001: system=physical}
# - {WAT1_001: wtype=linear}
# - {WAT2_001: wtype=linear}
# - {TRIM: '2022-12-02 08:16 Trim data section is [1:1950,330:1830]'}
# - {CCDSEC: '[1:1950,330:1830]'}
# - {BIASSEC: '[1:1950,1:1501]'}
# - {ZEROCOR: '2022-12-02 08:16 A level of 301 is subtracted'}
# - {CREATE_DEVIATION: creatvar}
# - {CREATVAR: 'ccd_data=<CCDData>, gain=1.41 electron / adu, readnoise=4.64 electron, disregard_nan=True'}
# - {CONCATEN: '2022-12-02 08:16 Data section [1:665, 1:None] is from the first frame.'}
# - {TRANSFOR: '2022-12-02 08:16 Transformed.'}
# - {BUNIT: adu}
# - {EXTNAME: spec}
# - {MODIFIED: '2023-02-04 17:42'}
# - {ORIGIN: Wavelength Calibrator (version 0.0.3)}
# - {DATE: '2023-02-04 17:42'}
# schema: astropy-2.0
spectral_axis flux
[from data line 1260]
6824.045609975434 0.05314217880429484
6826.914554536714 0.052995487195917304
6829.783660952153 0.05244744091729843
6832.652928837345 0.052588801868284255
6835.522357807885 0.05174964872586534
6838.391947479367 0.05124968716222667
6841.261697467385 0.05107540178720208
6844.131607387533 0.05155018080231427
6847.001676855403 0.05195337721984984
6849.8719054865915 0.05309119514604921
6852.742292896691 0.0578652616544312
6855.612838701294 0.061408364933745116
6858.483542515997 0.06570041543393851
6861.354403956393 0.09290211086013438
6864.225422638077 0.14005152588135278
6867.096598176642 0.14986247411626621
6869.96793018768 0.1513635481193133
6872.839418286788 0.1484225370988495
6875.711062089559 0.1463950800694624
6878.582861211586 0.1363207162912379
6881.454815268463 0.09554378065468665
6884.326923875786 0.07104537676083923
6887.199186649146 0.06650031482916116
6890.071603204138 0.06393987381752278
6892.944173156358 0.061690432950332746
6895.816896121398 0.006022505095092927
6898.689771714852 0.005409649529268135
6901.562799552314 0.00506774145429406
6904.435979249378 0.005079026400345604
6907.309310421637 0.005156528908790162
6910.182792684686 0.005351133793281178
6913.05642565412 0.00531118372093767
6915.9302089455305 0.0053668059545783
6918.804142174514 0.005487066283849454
6921.678224956662 0.005516167730320848
6924.55245690757 0.005814486740203148
6927.426837642832 0.006661725482087849
6930.301366778041 0.008831784435898774
6933.176043928792 0.009298431055766982
6936.050868710677 0.009405023701719611
6938.925840739291 0.009204603952866888
6941.800959630229 0.00921452958713278
6944.676224999084 0.009304441872252956
6947.55163646145 0.008220172225621564
6950.427193632921 0.009096098193868666
6953.302896129091 0.02512296307375959
6956.178743565555 0.1295038376042664
6959.054735557904 0.23170896480859504
6961.930871721735 0.25035333451039765
6964.807151672638 0.2508978733649412
6967.683575026212 0.24878772854386158
6970.560141398047 0.23803816003652284
6973.43685040374 0.18317944865214283
6976.3137016588835 0.06088914396427075
6979.190694779962 0.012768871294669516
6982.067829493516 0.006968989886800112
6984.945105740948 0.006260972912633012
6987.8225234885085 0.006167985272450811
6990.700082702441 0.005833396898568439
6993.577783348999 0.0059848392691326975
6996.455625394429 0.005971949088641328
6999.333608804976 0.005997704472502637
7002.211733546894 0.006129164997021499
7005.089999586426 0.006520445806305106
7007.968406889823 0.0063854350880425265
7010.8469554233325 0.006422642755700902
7013.725645153205 0.006649314148910568
7016.604476045684 0.006503613821475732
7019.483448067022 0.007335591172278931
7022.362561183467 0.011836525999847677
7025.241815361265 0.01327402169890928
7028.121210566666 0.013645561926212817
7031.000746765918 0.013888626837247346
7033.88042392527 0.013738569244422693
7036.760242010968 0.013003131520366425
7039.64020098926 0.010341629424974288
7042.520300826398 0.007631669241696862
7045.400541488627 0.007327455478122332
7048.280922942196 0.007769780687794905
7051.161445153354 0.00802369793915383
7054.042108088351 0.014668422822033352
7056.92291171343 0.06937349336909003
7059.803855994844 0.18948599293707533
7062.684940898839 0.22442084880006813
7065.566166391664 0.22976239338373716
7068.447532439568 0.2293188517665088
7071.329039008799 0.22321525489318378
7074.210686065604 0.1954071672825678
7077.092473576232 0.0980870106831766
7079.974401506932 0.02260960061502495
7082.856469823951 0.00815902045617245
7085.738678493538 0.006869523705706574
7088.6210274819405 0.006407488470337193
7091.50351675541 0.006225531325889526
7094.386146280191 0.006235487023269384
7097.268916022532 0.00631904397574654
7100.151825948681 0.006783186241950058
7103.034876024889 0.007185280672652175
7105.918066217402 0.007040633059345187
7108.80139649247 0.007325386417830408
7111.684866816341 0.0070385355086910375
7114.568477155262 0.007014037672574746
7117.452227475483 0.007241432999127016
7120.336117743251 0.006875312161155332
7123.2201479248115 0.006738606969709879
7126.104317986417 0.006696130500286086
7128.988627894315 0.006819160736057376
7131.873077614754 0.006994413791296034
7134.757667113981 0.00873371953998671
7137.642396358245 0.020888266508363156
7140.527265313794 0.03469673101393495
7143.412273946876 0.037928959361641874
7146.297422223739 0.037940030558684626
7149.182710110632 0.038200571652811835
7152.068137573805 0.03761702399952865
7154.9537045795005 0.030608925278909686
7157.839411093974 0.015123881436943556
7160.725257083471 0.007915729464509587
7163.611242514239 0.006517028310800612
7166.497367352524 0.006279348556875316
7169.3836315645785 0.00583239029805973
7172.2700351166495 0.005591616800143084
7175.1565779749835 0.0053678600363780225
7178.043260105831 0.005770061103145376
7180.930081475439 0.005487552306991614
7183.8170420500555 0.005462343006569938
7186.704141795931 0.005691413109112799
7189.5913806793105 0.005545459340047911
7192.478758666445 0.005582836112736049
7195.366275723582 0.005854061417208693
7198.253931816969 0.007989396199288111
7201.141726912854 0.009364326542282246
7204.029660977488 0.009560168547980094
7206.917733977115 0.009804515413278073
7209.805945877987 0.00991762956445652
7212.69429664635 0.009512750669387794
7215.582786248455 0.008168861118264106
7218.471414650547 0.00659176862459453
7221.360181818875 0.00572404207886126
7224.24908771969 0.006058922417894917
7227.138132319235 0.006101389610244067
7230.027315583765 0.006365465227215509
7232.916637479522 0.006503627996057194
7235.806097972759 0.006407527688052125
7238.695697029721 0.0065647013793320155
7241.585434616659 0.006596543211007426
7244.475310699819 0.006617619297738057
7247.365325245451 0.006549880135632913
7250.2554782198 0.00641047366539499
7253.145769589119 0.006352726362505022
7256.036199319655 0.006751127646422809
7258.92676737765 0.00856644224282879
7261.817473729361 0.020852686811026453
7264.708318341033 0.059437474655030645
7267.599301178914 0.07839480945405401
7270.490422209251 0.08168318031037851
7273.381681398294 0.08138277095475753
7276.273078712292 0.07993654935800812
7279.164614117492 0.07330735869246209
7282.056287580141 0.046130123129581806
7284.948099066488 0.01667938768033437
7287.840048542785 0.007572367845908572
7290.732135975277 0.006799219412618509
7293.62436133021 0.006240865300151782
7296.516724573836 0.006226495013562266
7299.409225672402 0.006393512991215689
7302.301864592157 0.007305778461552
7305.194641299347 0.008911278088322228
7308.087555760221 0.010079483052759798
7310.980607941032 0.01112856877505823
7313.873797808021 0.011522765047393408
7316.767125327438 0.011810034589364013
7319.660590465537 0.010932918881286838
7322.55419318856 0.009740014088971979
7325.447933462759 0.00868696688611511
7328.3418112543795 0.007470538858129775
7331.235826529672 0.0067741728773770766
7334.129979254883 0.006397706517379187
7337.024269396263 0.006465085533030769
7339.918696920056 0.0069737118019300125
7342.813261792517 0.008337999687957254
7345.707963979887 0.010670337494795748
7348.60280344842 0.011359484934719817
7351.497780164361 0.011659827736984306
7354.392894093957 0.012123332712841368
7357.288145203461 0.012147585611643003
7360.183533459117 0.01294938958725809
7363.079058827176 0.016234822284236398
7365.974721273886 0.019283583638354754
7368.870520765493 0.02337789825604663
7371.766457268247 0.05348289204379154
7374.662530748396 0.19679707303138091
7377.558741172191 0.33465336139093826
7380.455088505873 0.3669065522515294
7383.3515727157 0.3655207481858132
7386.248193767912 0.3624915386836457
7389.144951628764 0.3449598728283935
7392.0418462644975 0.2558931840773673
7394.9388776413625 0.09851336599141228
7397.83604572561 0.025893443615911255
7400.733350483489 0.011582515193826106
7403.630791881244 0.008857998330997522
7406.528369885125 0.008464380629478798
7409.426084461381 0.007860145937054492
7412.323935576259 0.008257065316744508
7415.221923196008 0.008351966009054926
7418.120047286878 0.008380907708630023
7421.018307815114 0.008370330813919408
7423.916704746966 0.008268174119728527
7426.815238048682 0.009543343437514453
7429.7139076865105 0.010243921833523037
7432.612713626699 0.010824610803660572
7435.511655835496 0.010216729582387896
7438.41073427915 0.010163992944135442
7441.309948923911 0.010135579121811698
7444.209299736023 0.009412625313861655
7447.10878668174 0.008265707494033157
7450.008409727303 0.007602618904855583
7452.908168838968 0.00798471598769344
7455.808063982978 0.008049186336114334
7458.708095125584 0.008525109566627618
7461.608262233032 0.009148759191671098
7464.508565271572 0.00975625343893646
7467.409004207453 0.010212275504590985
7470.30957900692 0.010499888549243405
7473.210289636227 0.010838471139085246
7476.111136061613 0.011619021393789744
7479.012118249338 0.01166761836403827
7481.913236165639 0.011828490269320546
7484.814489776771 0.012003290457424617
7487.715879048982 0.015827859387469927
7490.617403948518 0.046473593683882666
7493.51906444163 0.2243416396478268
7496.4208604945625 0.5113422719263404
7499.322792073565 0.6230022190761324
7502.224859144888 0.6838718558307224
7505.127061674779 0.833635677965347
7508.029399629484 0.9651064412417404
7510.931872975253 0.9170198387950586
7513.834481678336 0.6706907201521219
7516.7372257049765 0.483829490951168
7519.640105021428 0.4007571388532484
7522.5431195939345 0.2999925059342321
7525.44626938875 0.12793936433051203
7528.349554372115 0.031197373455643836
7531.252974510284 0.011775784495283362
7534.1565297695 0.009348985033863827
7537.060220116021 0.008692198487152409
7539.9640455160825 0.008144709140198976
7542.868005935941 0.007859350574211823
7545.77210134184 0.007809082068349796
7548.676331700033 0.007805493288983298
7551.580696976766 0.007459387503866272
7554.485197138285 0.007557349828534591
7557.389832150841 0.007581736406455077
7560.294601980682 0.007476003377081461
7563.199506594057 0.007597806871892842
7566.1045459572115 0.007659051366486256
7569.009720036394 0.007544294385645845
7571.915028797856 0.007518248827823396
7574.8204722078435 0.007470596426181984
7577.726050232606 0.007621273929236368
7580.6317628383895 0.007868743546116209
7583.537609991444 0.007909066686645018
7586.443591658019 0.008009029586863932
7589.349707804359 0.007907429406320077
7592.255958396715 0.00763806167806743
7595.1623434013345 0.007887351557586174
7598.068862784466 0.008036606418083717
7600.975516512361 0.00787034382423873
7603.882304551259 0.008295396985295718
7606.789226867418 0.008368268223791957
7609.696283427083 0.008999228541602821
7612.603474196497 0.009417958135033084
7615.510799141915 0.010281697887737192
7618.4182582295825 0.014200566573487531
7621.325851425748 0.041183208927144103
7624.233578696661 0.19734226603305838
7627.141440008567 0.5130282805366039
7630.049435327718 0.6661195385417319
7632.95756462036 0.6994446057517731
7635.865827852742 0.7040085791263297
7638.774224991111 0.685392560910138
7641.682756001715 0.5930795746548664
7644.591420850804 0.32780068816642516
7647.500219504626 0.10672631094575365
7650.40915192943 0.027784982523176023
7653.318218091464 0.012578697857697467
7656.227417956971 0.009303906148741443
7659.136751492207 0.008594879078613357
7662.046218663417 0.008299869948132994
7664.955819436848 0.008604961015237401
7667.86555377875 0.008083722129853057
7670.775421655371 0.007975389796584981
7673.685423032958 0.007898869029162191
7676.595557877763 0.007709432835455012
7679.50582615603 0.007637912482416962
7682.416227834009 0.0076373766687906405
7685.326762877949 0.007609498581744899
7688.237431254095 0.008002127312491397
7691.148232928701 0.00783472386985767
7694.05916786801 0.008265970964932402
7696.970236038273 0.008491016970464369
7699.881437405738 0.008850209565773964
7702.792771936651 0.009058315615438538
7705.704239597263 0.01006314572279849
7708.615840353821 0.016907084896302788
7711.527574172576 0.06400315374489185
7714.439441019772 0.24191381296051387
7717.351440861659 0.40388867526582956
7720.263573664484 0.4659173402873053
7723.175839394498 0.47641402116339027
7726.088238017949 0.4737594349495192
7729.000769501084 0.4410922321651577
7731.91343381015 0.32639511623925194
7734.826230911398 0.14876617171502954
7737.739160771078 0.044634512292884114
7740.652223355431 0.013709118996146215
7743.565418630711 0.008967477703171795
7746.478746563164 0.007930431711264934
7749.392207119042 0.007309472162960009
7752.305800264587 0.007105162537051217
7755.219525966055 0.006912120446436249
7758.133384189685 0.006816466174426023
7761.047374901732 0.006741429232985306
7763.961498068445 0.006774021138048839
7766.875753656066 0.006420656739196916
7769.790141630849 0.006691404248379681
7772.704661959041 0.007003511116244675
7775.619314606889 0.007390240111189925
7778.534099540641 0.007728770587390252
7781.449016726547 0.007526268022012289
7784.364066130853 0.007644073857789914
7787.279247719812 0.007714534946476387
7790.194561459667 0.00740248428347879
7793.110007316669 0.007182280143227808
7796.025585257063 0.006641318535746408
7798.941295247103 0.006917722371218875
7801.857137253031 0.006580371718017483
7804.773111241101 0.006712121933501484
7807.689217177558 0.006603591506209633
7810.605455028648 0.00654026911569549
7813.521824760627 0.006192932627004591
7816.438326339735 0.006187988621670637
7819.3549597322235 0.006158372375424633
7822.2717249043435 0.006066037123103059
7825.188621822339 0.005867908516278519
7828.10565045246 0.005809450965076337
7831.022810760956 0.006076351734056518
7833.940102714074 0.005860850893476989
7836.8575262780605 0.006184975160706089
7839.775081419167 0.0061847113951014505
7842.6927681036395 0.006620149731993445
7845.610586297728 0.007135441540595055
7848.52853596768 0.007467113048596409
7851.446617079744 0.007364870286872847
7854.364829600167 0.007492544995516008
7857.283173495198 0.007679926582916234
7860.201648731086 0.007546485605919755
7863.120255274078 0.007296555130909366
7866.038993090426 0.00732559444609402
7868.95786214637 0.006763681125137115
7871.876862408168 0.006698918865205218
7874.795993842063 0.006394637646469161
7877.715256414304 0.00669351623811598
7880.634650091139 0.007141572249788073
7883.554174838815 0.007621935421727996
7886.473830623584 0.00797293806118373
7889.393617411692 0.008089035678873068
7892.313535169387 0.008471283204193013
7895.23358386292 0.008466949949277233
7898.153763458536 0.00797340147234456
7901.074073922483 0.007771428690446588
7903.994515221009 0.007689090529083942
7906.915087320367 0.007848373260425971
7909.835790186801 0.008166971326929576
7912.756623786561 0.00842395071158068
7915.677588085895 0.008196981130105406
7918.598683051048 0.008188240766540258
7921.5199086482735 0.007926972624737912
7924.441264843817 0.007842874717034907
7927.362751603927 0.007910199446273579
7930.284368894853 0.009077913847904986
7933.206116682842 0.017967652774481535
7936.127994934144 0.06421718982002708
7939.050003615002 0.17895030833386752
7941.972142691671 0.26596967687583944
7944.894412130395 0.30608599627622957
7947.816811897425 0.3164181419839575
7950.739341959009 0.3117010777382686
7953.662002281391 0.2817328297501281
7956.584792830825 0.19161213065958638
7959.5077135735555 0.08760600606745608
7962.430764475832 0.029102295380203175
7965.353945503904 0.01370523410233162
7968.277256624016 0.011119607549214983
7971.20069780242 0.010230158561289148
7974.124269005364 0.009819010048840374
7977.047970199095 0.009320394860440962
7979.971801349864 0.009066851100947931
7982.895762423913 0.009097340845430272
7985.819853387495 0.009345534807313205
7988.744074206859 0.010938998057194862
7991.668424848251 0.023163341283548737
7994.592905277918 0.07924006545723833
7997.517515462113 0.19239332032862558
8000.442255367081 0.28720448125287995
8003.367124959072 0.4068251180078706
8006.292124204331 0.5773356144093662
8009.21725306911 0.6743381798495992
8012.142511519654 0.6778032236352458
8015.067899522213 0.5896580974044936
8017.993417043035 0.4917107877795522
8020.919064048369 0.3831958625896242
