tests/bfosc_g4_slit18_spec.ecsv
# %ECSV 1.0
# ---
# datatype:
# - {name: spectral_axis, unit: Angstrom, datatype: float64}
# - {name: flux, unit: adu, datatype: float64}
# meta: !!omap
# - {DATE-OBS: '2020-04-06T08:41:45'}
# - {EXPTIME: 30.0}
# - {EXPOSURE: 30.0}
# - {SET-TEMP: -80.0}
# - {CCD-TEMP: -79.24700164794922}
# - {XPIXSZ: 13.5}
# - {YPIXSZ: 13.5}
# - {XBINNING: 1}
# - {YBINNING: 1}
# - {XORGSUBF: 0}
# - {YORGSUBF: 0}
# - {IMAGETYP: Light Frame}
# - {FOCALLEN: 0.0}
# - {APTDIA: 0.0}
# - {APTAREA: 0.0}
# - {SBSTDVER: SBFITSEXT Version 1.0}
# - {SWCREATE: MaxIm DL Version 6.11 161111 12SNQ}
# - {SWSERIAL: 12SNQ-REYY8-50EX0-9K639-CAV59-2A}
# - {JD: 2458945.8623263887}
# - {OBJECT: '20200406'}
# - {TELESCOP: ''}
# - {INSTRUME: Andor Tech}
# - {OBSERVER: ''}
# - {NOTES: ''}
# - {FLIPSTAT: ''}
# - {SWOWNER: XingLong Observatory}
# - {FILENAME: 20200406-0011.fit}
# - {WCSDIM: 2}
# - {LTM1_1: 1.0}
# - {LTM2_2: 1.0}
# - {LTV1: 0}
# - {LTV2: -329}
# - {WAT0_001: system=physical}
# - {WAT1_001: wtype=linear}
# - {WAT2_001: wtype=linear}
# - {TRIM: '2022-12-02 08:16 Trim data section is [1:1950,330:1830]'}
# - {CCDSEC: '[1:1950,330:1830]'}
# - {BIASSEC: '[1:1950,1:1501]'}
# - {ZEROCOR: '2022-12-02 08:16 A level of 301 is subtracted'}
# - {CREATE_DEVIATION: creatvar}
# - {CREATVAR: 'ccd_data=<CCDData>, gain=1.41 electron / adu, readnoise=4.64 electron, disregard_nan=True'}
# - {CONCATEN: '2022-12-02 08:16 Data section [1:665, 1:None] is from the first frame.'}
# - {TRANSFOR: '2022-12-02 08:16 Transformed.'}
# - {BUNIT: adu}
# - {EXTNAME: spec}
# - {MODIFIED: '2023-02-04 17:42'}
# - {ORIGIN: Wavelength Calibrator (version 0.0.3)}
# - {DATE: '2023-02-04 17:42'}
# schema: astropy-2.0
spectral_axis flux
[from data line 418]
4507.567376383291 0.0959104473509127
4510.13195552684 0.09529701567226746
4512.697220317521 0.09330302875543475
4515.263169736378 0.09285664019786438
4517.829802764451 0.08946238080744183
4520.397118382788 0.08132898409491573
4522.965115572428 0.07168861706679605
4525.5337933144165 0.0724503267468965
4528.103150589799 0.0738570250650312
4530.673186379617 0.07633510442849868
4533.243899664913 0.08636072290257871
4535.815289426733 0.11130393170000051
4538.387354646121 0.16576927685292944
4540.960094304119 0.20354753811191828
4543.533507381769 0.20531189999593005
4546.1075928601185 0.2016450883565783
4548.682349720209 0.19376253210749017
4551.257776943084 0.17641935598258182
4553.833873509787 0.1416323486124504
4556.410638401362 0.08770461346090944
4558.988070598852 0.06886250613838889
4561.566169083303 0.06851829019393303
4564.144932835755 0.06873927566729693
4566.724360837254 0.07216919421500735
4569.304452068844 0.08248070412709792
4571.885205511566 0.10342015502031565
4574.466620146466 0.1288462147831958
4577.048694954587 0.13450236496222742
4579.631428916971 0.14821311897009035
4582.214821014664 0.17621840560124627
4584.798870228708 0.20835721605909158
4587.383575540148 0.2021172572328875
4589.968935930026 0.1837581360939966
4592.554950379387 0.17289920395221695
4595.141617869273 0.16807138474600028
4597.728937380731 0.16092994721788378
4600.316907894799 0.15823398344271478
4602.9055283925245 0.1970794505706442
4605.494797854952 0.23054539777398722
4608.084715263122 0.22395513745963203
4610.675279598081 0.21710937509360806
4613.266489840869 0.20806478324912336
4615.858344972532 0.18779371204128062
4618.450843974115 0.1446306015490959
4621.04398582666 0.08392164673787883
4623.637769511209 0.06583622677668816
4626.232194008807 0.06599556469738486
4628.8272583005 0.06843315231598363
4631.422961367327 0.07388232945532675
4634.019302190335 0.07334803393163182
4636.616279750567 0.07371115245395958
4639.213893029067 0.07215980133667169
4641.812141006874 0.07161220831140852
4644.411022665038 0.07423674009241212
4647.0105369846 0.08541535460529846
4649.610682946603 0.11595953907528342
4652.211459532092 0.16281349589652522
4654.812865722108 0.17398041940543696
4657.414900497698 0.17439127614060929
4660.017562839903 0.17108151714466738
4662.620851729769 0.16192885242216104
4665.224766148336 0.14234944557487014
4667.8293050766515 0.10023482249103535
4670.434467495756 0.06409971853973394
4673.040252386695 0.06068844920702796
4675.646658730512 0.061957499359246195
4678.25368550825 0.062062879046081584
4680.861331700954 0.06101604218088129
4683.469596289664 0.06131085647742685
4686.078478255426 0.061995616578466514
4688.6879765792855 0.06172480265911579
4691.298090242282 0.062373560377211736
4693.908818225463 0.06499503417887965
4696.520159509871 0.06829491147604728
4699.132113076547 0.06950248505174657
4701.744677906536 0.07019213315841152
4704.357852980884 0.07091122710708325
4706.971637280632 0.07030922803891225
4709.586029786825 0.06957206398434745
4712.201029480505 0.06868990773008982
4714.816635342717 0.07595762426556532
4717.432846354504 0.09705441553732647
4720.04966149691 0.14171754994830554
4722.667079750978 0.16787331569374836
4725.285100097751 0.18287759663638198
4727.903721518275 0.20335992268941275
4730.522942993592 0.21712316542859725
4733.142763504746 0.2042397036964671
4735.76318203278 0.17368611938612252
4738.384197558737 0.133215348546489
4741.005809063663 0.11416432424576037
4743.628015528599 0.09675690757696337
4746.250815934592 0.07695185030632035
4748.874209262681 0.06601678628144522
4751.498194493912 0.0751494369118883
4754.12277060933 0.10436275038873061
4756.747936589974 0.1798676908506056
4759.373691416893 0.2623933449880653
4762.0000340711285 0.27161690446417625
4764.626963533725 0.27205346413146647
4767.254478785722 0.26671942676347205
4769.882578808169 0.2470434386613714
4772.511262582106 0.20321715117934547
4775.140529088576 0.1170383341088088
4777.770377308626 0.0663178612307049
4780.400806223296 0.06319249975605458
4783.031814813631 0.06305561957140488
4785.663402060675 0.0650099844780232
4788.295566945472 0.06396942854571587
4790.928308449065 0.06501873580964461
4793.561625552497 0.0712123848554141
4796.195517236813 0.08883066643084261
4798.829982483056 0.1265864834608097
4801.465020272267 0.14495345558265066
4804.100629585493 0.1455457431791475
4806.7368094037765 0.14444965814767777
4809.37355870816 0.14212490618714443
4812.0108764796905 0.13057381094234133
4814.648761699408 0.10555472366356879
4817.287213348359 0.0704903406835233
4819.926230407584 0.06142142906862553
4822.565811858129 0.062231495541636025
4825.205956681037 0.06163420762467728
4827.84666385735 0.06206712322829357
4830.487932368114 0.06290029786361785
4833.129761194371 0.06340692510332076
4835.772149317165 0.06644738853887147
4838.41509571754 0.0769026180636721
4841.058599376541 0.09526676817877874
4843.702659275207 0.10137728816252539
4846.347274394585 0.10139184176845566
4848.992443715721 0.1002843700886302
4851.638166219653 0.09961779703598313
4854.284440887426 0.09492679041049996
4856.931266700088 0.08292984665511902
4859.578642638678 0.0722861439379352
4862.226567684243 0.07172558460037862
4864.875040817822 0.07525613067614914
4867.524061020464 0.08775799273361454
4870.173627273208 0.12497389483847436
4872.8237385571 0.19735634248458414
4875.474393853184 0.22327525275483562
4878.125592142501 0.22693114691210736
4880.777332406098 0.23703729034489976
4883.429613625016 0.24036618056667644
4886.082434780301 0.2195061711297225
4888.7357948529925 0.1688137452773159
4891.3896928241375 0.10621270170654164
4894.04412767478 0.09382911125427881
4896.6990983859605 0.08967855712436239
4899.354603938727 0.07869257408014266
4902.01064331412 0.07150010265470357
4904.667215493183 0.07142606377658596
4907.3243194569595 0.07077712805494604
4909.981954186496 0.07183509356681844
4912.640118662834 0.07304484934344592
4915.2988118670155 0.07108327866999073
4917.958032780086 0.06997811862742966
4920.617780383089 0.07069469784939758
4923.278053657068 0.07311017904076018
4925.938851583067 0.07956765771013438
4928.600173142129 0.07962690632614311
4931.262017315296 0.07857311529260835
4933.924383083617 0.07723810772673721
4936.587269428129 0.07810517215090038
4939.250675329879 0.07702653764142825
4941.914599769911 0.07282992672481531
4944.579041729267 0.06806918682227979
4947.244000188992 0.07000134005720078
4949.909474130129 0.07545246704690764
4952.5754625337195 0.0819311278660535
4955.24196438081 0.09841452811949773
4957.908978652443 0.13228209872191599
4960.576504329664 0.14301447725079647
4963.244540393514 0.14392597912786131
4965.913085825037 0.14331305741623168
4968.582139605279 0.13477866647281614
4971.25170071528 0.12443733018049244
4973.921768136084 0.10119684384310172
4976.592340848739 0.07392684580243532
4979.263417834283 0.06949309842461718
4981.934998073764 0.06724537833138552
4984.607080548223 0.06639981981472946
4987.279664238705 0.06683974940574804
4989.952748126252 0.06721079269361485
4992.626331191909 0.06773110864923083
4995.300412416718 0.06740952753375319
4997.974990781725 0.07102646367872664
5000.6500652679715 0.07808060995042242
5003.325634856501 0.08618943245163894
5006.00169852836 0.09315784265182651
5008.678255264589 0.10730169377144905
5011.355304046234 0.12018950305596227
5014.032843854336 0.11977869975105357
5016.710873669941 0.11596521595097548
5019.3893924740905 0.10656605144044956
5022.068399247829 0.0993481438261069
5024.7478929722 0.08982240101592914
5027.427872628248 0.07301315314426705
5030.108337197016 0.0661595081648053
5032.789285659548 0.06641928000667856
5035.470716996887 0.06779770241370288
5038.152630190076 0.06770204749546235
5040.83502422016 0.06834660160357864
5043.517898068181 0.06894707437764515
5046.201250715184 0.07032651776576868
5048.885081142213 0.07121338177759397
5051.569388330309 0.074038635079643
5054.254171260518 0.08481102359357327
5056.939428913883 0.08856621477397027
5059.6251602714465 0.08748504629800477
5062.311364314254 0.08714860668407125
5064.998040023349 0.08675638709472472
5067.685186379774 0.08417008692412081
5070.372802364573 0.07607734738587277
5073.0608869587895 0.06698659913425804
5075.749439143466 0.06598925824962479
5078.438457899649 0.06623749647156775
5081.127942208379 0.06842074804108038
5083.817891050701 0.07303217722918032
5086.508303407659 0.07400474095366445
5089.1991782602945 0.07310165108434073
5091.890514589654 0.07258308484344717
5094.58231137678 0.07257145219733036
5097.274567602717 0.0709533386883831
5099.9672822485045 0.06781105395382367
5102.66045429519 0.0704289909771283
5105.354082723818 0.07077860519354084
5108.048166515429 0.07278627279152293
5110.7427046510675 0.07139452748479469
5113.4376961117805 0.07176536568451446
5116.133139878605 0.07221385163605286
5118.82903493259 0.07118307140468881
5121.525380254777 0.06701625646394979
5124.222174826209 0.06581556539106216
5126.919417627932 0.0668054212565803
5129.617107640986 0.06836357120471498
5132.3152438464185 0.07384190797394874
5135.013825225272 0.08378030077042523
5137.7128507585885 0.08860240405538562
5140.412319427412 0.09127770938452649
5143.112230212785 0.0927458567386941
5145.812582095756 0.0918592415203668
5148.513374057365 0.08841855605765073
5151.214605078654 0.08050469079463776
5153.916274140668 0.07673805578114926
5156.618380224452 0.08148315403876362
5159.320922311051 0.0943854734829206
5162.023899381503 0.10169178026111483
5164.727310416857 0.10518648718193999
5167.431154398153 0.10571449188549283
5170.135430306438 0.10445154942406311
5172.840137122753 0.0952547515992332
5175.545273828141 0.0845809702635643
5178.250839403648 0.07410012149679415
5180.956832830318 0.07443137706012531
5183.663253089191 0.07405561651991618
5186.370099161311 0.07519918900624165
5189.077370027727 0.075035462111917
5191.785064669477 0.07437320056018994
5194.4931820676065 0.07256041498086652
5197.20172120316 0.06992451951556954
5199.910681057178 0.0661751065791577
5202.620060610709 0.06459443618677724
5205.329858844792 0.06411889423243844
5208.040074740475 0.0666680258906644
5210.750707278796 0.06881876668022877
5213.461755440803 0.07181455060261788
5216.173218207539 0.07540451612142687
5218.885094560046 0.08444064886835766
5221.597383479369 0.09078387812233557
5224.3100839465515 0.09045782724978027
5227.023194942635 0.08813993969483744
5229.7367154486665 0.08609068468055085
5232.4506444456865 0.08255003745303324
5235.164980914741 0.07574613448508359
5237.879723836873 0.06580668784950225
5240.594872193125 0.06367420061031896
5243.310424964541 0.06322554676831091
5246.026381132165 0.06407532694324938
5248.742739677041 0.06463821759113128
5251.459499580212 0.06439871409672637
5254.176659822721 0.06474602188817363
5256.894219385614 0.06743276002736304
5259.61217724993 0.08176139940487433
5262.330532396718 0.1081526479447393
5265.049283807019 0.11479199029255037
5267.768430461875 0.11484571935485906
5270.487971342333 0.11360440632080102
5273.207905429434 0.11369512755777131
5275.928231704222 0.10677153632050733
5278.648949147742 0.08457746067350927
5281.370056741037 0.0647484380407671
5284.09155346515 0.06237675654152781
5286.813438301125 0.06248282004365476
5289.535710230003 0.06313443163062729
5292.258368232833 0.0614322148628348
5294.981411290656 0.061568267339563235
5297.704838384514 0.06072149618350095
5300.428648495451 0.06107516359791105
5303.152840604514 0.061217825909661634
5305.877413692742 0.06161402102352269
5308.602366741182 0.060263508949387284
5311.3276987308745 0.05997950801182304
5314.053408642865 0.06059053498171916
5316.7794954582 0.06581278182597344
5319.505958157917 0.08080097677179778
5322.232795723064 0.09190152829289606
5324.960007134682 0.09242664028080258
5327.687591373819 0.09226480165441885
5330.415547421513 0.09295905180880429
5333.14387425881 0.09227620580355768
5335.872570866753 0.08372096895895904
5338.601636226389 0.06855681722013791
5341.331069318758 0.06391098118816431
5344.060869124904 0.06366595842844791
5346.7910346258695 0.06388444570113476
5349.521564828181 0.06303022373402171
5352.252459087944 0.06192897127094802
5354.983717015051 0.06126516255117045
5357.715338225097 0.061510808140141614
5360.447322333677 0.06428900440397782
5363.179668956382 0.07286269769386941
5365.912377708808 0.07713713167390795
5368.645448206547 0.07641941362193981
5371.3788800651955 0.07558108827372294
5374.112672900347 0.07588882681405926
5376.846826327594 0.07489217793709066
5379.581339962533 0.06952002494082433
5382.316213420754 0.062184464823185605
5385.051446317853 0.0617936643280979
5387.787038269423 0.06570828324152996
5390.52298889106 0.07031277179495471
5393.259297798358 0.07175262341955717
5395.995964606908 0.07555530627128858
5398.7329889323055 0.08151818891855267
5401.470370390146 0.08257551779974072
5404.208108596019 0.08077256785599297
5406.946203165524 0.07638601065893723
5409.684653714253 0.07389780124491505
5412.423459857798 0.07238645938799748
5415.1626212117535 0.06793743034755895
5417.902137391717 0.06502735440081107
5420.6420080132775 0.06968348420354682
5423.382232692032 0.07332880420712566
5426.122811043572 0.07620890674314341
5428.863742683494 0.07687797059070718
5431.605027227391 0.07513436269017368
5434.346664290856 0.07676985731702615
5437.0886534894835 0.07790111171038054
5439.830994438868 0.0775122460431375
5442.573686754604 0.07709271461696907
5445.316730052285 0.0806778866224182
5448.060123947503 0.08453288436684618
5450.803868055853 0.08407846772179432
5453.54796199293 0.08266550119511262
5456.292405374328 0.0763819742749509
5459.037197815639 0.07346075862021653
5461.782338932459 0.068374076247284
5464.527828340382 0.0638088841113142
5467.273665654999 0.060988294172841476
5470.019850491907 0.06067318289651335
5472.766382466698 0.06053025506056094
5475.513261194968 0.05986375673090404
5478.260486292309 0.05944387130240259
5481.008057374315 0.05928143881444561
5483.755974056581 0.06038514222600781
5486.504235954702 0.066794875129638
5489.252842684268 0.07596418246982498
5492.001793860877 0.07757270438531373
5494.751089100121 0.0783825222213624
5497.500728017594 0.08103725429988622
5500.25071022889 0.08235781135553324
5503.0010353496045 0.07790343130669052
5505.751702995327 0.06943740428256524
5508.502712781658 0.06466740646241245
5511.254064324186 0.06306360345229779
5514.0057572385085 0.06264194435116
5516.757791140217 0.05939942674691217
5519.510165644905 0.05929913640966777
5522.262880368168 0.059759745113262604
5525.0159349256 0.059919739255824715
5527.769328932795 0.06021981098286004
5530.523062005346 0.060067874494737335
5533.277133758848 0.059464777811818206
5536.031543808894 0.05881139696113769
5538.786291771077 0.05864932538529994
5541.541377260993 0.0596271514055129
5544.296799894237 0.06080301005701662
5547.052559286398 0.06475377896003422
5549.808655053073 0.07461870224782748
5552.565086809859 0.0811894532745514
5555.321854172346 0.08141744318375228
5558.078956756128 0.08161326163227195
5560.836394176799 0.08164931727542812
5563.594166049954 0.08314580119820031
5566.352271991188 0.08010004692584843
5569.110711616091 0.07194725948190417
5571.869484540261 0.07154105294118265
5574.6285903792905 0.07115114425512568
5577.388028748772 0.07148977981171002
5580.147799264301 0.07094447847446796
5582.907901541474 0.06650067858550221
5585.66833519588 0.0643983553307472
5588.429099843116 0.06355351540036192
5591.190195098773 0.06360330009492667
5593.951620578448 0.064576360224792
5596.713375897734 0.07157407124817512
5599.475460672225 0.08358769022839628
5602.2378745175165 0.08503726965173851
5605.000617049197 0.086362576474551
5607.763687882866 0.08704277499727799
5610.527086634116 0.08679338246940857
5613.29081291854 0.08233384119904612
5616.054866351731 0.07149893677313077
5618.819246549286 0.06495501447133528
5621.583953126796 0.06390486692388343
5624.348985699858 0.06309458750067772
5627.114343884062 0.06226161931971472
5629.880027295006 0.06180710274785971
5632.64603554828 0.062313572216359685
