tests/bfosc_g4_slit18_spec.ecsv
# %ECSV 1.0
# ---
# datatype:
# - {name: spectral_axis, unit: Angstrom, datatype: float64}
# - {name: flux, unit: adu, datatype: float64}
# meta: !!omap
# - {DATE-OBS: '2020-04-06T08:41:45'}
# - {EXPTIME: 30.0}
# - {EXPOSURE: 30.0}
# - {SET-TEMP: -80.0}
# - {CCD-TEMP: -79.24700164794922}
# - {XPIXSZ: 13.5}
# - {YPIXSZ: 13.5}
# - {XBINNING: 1}
# - {YBINNING: 1}
# - {XORGSUBF: 0}
# - {YORGSUBF: 0}
# - {IMAGETYP: Light Frame}
# - {FOCALLEN: 0.0}
# - {APTDIA: 0.0}
# - {APTAREA: 0.0}
# - {SBSTDVER: SBFITSEXT Version 1.0}
# - {SWCREATE: MaxIm DL Version 6.11 161111 12SNQ}
# - {SWSERIAL: 12SNQ-REYY8-50EX0-9K639-CAV59-2A}
# - {JD: 2458945.8623263887}
# - {OBJECT: '20200406'}
# - {TELESCOP: ''}
# - {INSTRUME: Andor Tech}
# - {OBSERVER: ''}
# - {NOTES: ''}
# - {FLIPSTAT: ''}
# - {SWOWNER: XingLong Observatory}
# - {FILENAME: 20200406-0011.fit}
# - {WCSDIM: 2}
# - {LTM1_1: 1.0}
# - {LTM2_2: 1.0}
# - {LTV1: 0}
# - {LTV2: -329}
# - {WAT0_001: system=physical}
# - {WAT1_001: wtype=linear}
# - {WAT2_001: wtype=linear}
# - {TRIM: '2022-12-02 08:16 Trim data section is [1:1950,330:1830]'}
# - {CCDSEC: '[1:1950,330:1830]'}
# - {BIASSEC: '[1:1950,1:1501]'}
# - {ZEROCOR: '2022-12-02 08:16 A level of 301 is subtracted'}
# - {CREATE_DEVIATION: creatvar}
# - {CREATVAR: 'ccd_data=<CCDData>, gain=1.41 electron / adu, readnoise=4.64 electron, disregard_nan=True'}
# - {CONCATEN: '2022-12-02 08:16 Data section [1:665, 1:None] is from the first frame.'}
# - {TRANSFOR: '2022-12-02 08:16 Transformed.'}
# - {BUNIT: adu}
# - {EXTNAME: spec}
# - {MODIFIED: '2023-02-04 17:42'}
# - {ORIGIN: Wavelength Calibrator (version 0.0.3)}
# - {DATE: '2023-02-04 17:42'}
# schema: astropy-2.0
spectral_axis flux
3508.1084435969624 0.026165178230523067
3510.297191208928 0.02565551832915274
3512.4870503917987 0.025987148088420297
3514.678020126619 0.02567493262214902
3516.8700993944326 0.025950307077630727
3519.0632871762828 0.025891720335900925
3521.257582453214 0.025585551641779836
3523.45298420627 0.02602741376602038
3525.6494914164937 0.026341768375267915
3527.8471030649266 0.02597672652280467
3530.0458181326153 0.026572983614350763
3532.2456356006037 0.026646442336599765
3534.4465544499326 0.02635370240118537
3536.6485736616473 0.026623914148239215
3538.851692216791 0.026683422421625146
3541.0559090964093 0.02670888962372974
3543.2612232815445 0.02696278938270083
3545.4676337532374 0.02719033580884372
3547.6751394925354 0.02719041532082115
3549.88373948048 0.027585671919018815
3552.0934326981155 0.027647053836225732
3554.3042181264855 0.027781710264240034
3556.5160947466343 0.02812965485199966
3558.729061539603 0.027923260008746432
3560.9431174864385 0.027835119770186937
3563.1582615681828 0.027725940328755725
3565.374492765878 0.028588902848040366
3567.5918100605704 0.02871063775085673
3569.8102124333027 0.028383808472353358
3572.0296988651166 0.028098250469698733
3574.250268337061 0.02877970708236241
3576.4719198301746 0.028992461231243775
3578.6946523255015 0.028774006933818028
3580.918464804084 0.029748490459513065
3583.143356246969 0.02957188168496946
3585.369325635201 0.030231530199047726
3587.5963719498195 0.02952263617652071
3589.8244941718717 0.029588796967724065
3592.0536912823973 0.03007874232437368
3594.2839622624438 0.03034322524432605
3596.515306093051 0.029744418274686154
3598.7477217552673 0.03004294092414315
3600.9812082301332 0.030160605409744797
3603.215764498691 0.030296575515873
3605.451389541987 0.03027334707644572
3607.688082341065 0.030331729822315905
3609.9258418769678 0.03044078264694915
3612.1646671307362 0.030400854435704845
3614.4045570834205 0.03049080429032804
3616.6455107160546 0.0307700485657171
3618.887527009691 0.03069383478255247
3621.1306049453697 0.03086074101455191
3623.3747435041328 0.030873821836340937
3625.619941667026 0.030656817622335235
3627.8661984150935 0.03036767604625385
3630.1135127293755 0.030861995468029396
3632.361883590922 0.030729939177022627
3634.611309980769 0.0309534899700836
3636.8617908799642 0.030842738073629323
3639.1133252695513 0.031147299229280632
3641.3659121305736 0.03129086465127436
3643.6195504440752 0.031799373072656685
3645.8742391910982 0.031112910602452304
3648.1299773526866 0.03144456876404124
3650.386763909882 0.031309727714222954
3652.6445978437337 0.032165900432424066
3654.90347813528 0.03258625042820631
3657.1634037655663 0.0332004981696458
3659.4243737156357 0.03408258567714238
3661.6863869665353 0.03413851021399595
3663.9494424993027 0.03486920607524813
3666.213539294987 0.03502030928717201
3668.4786763346283 0.0341169112868299
3670.7448525992704 0.033738374449738144
3673.0120670699584 0.03280441218684147
3675.280318727734 0.033381732851886864
3677.549606553642 0.03362024398063981
3679.8199295287295 0.03345294410654081
3682.091286634034 0.03293235775583008
3684.3636768506017 0.03359135425254717
3686.637099159477 0.03344076368795526
3688.9115525417023 0.03393350664966847
3691.187035978321 0.03411939165654754
3693.4635484503806 0.0341127155973651
3695.7410889389175 0.03422120616398237
3698.019656424982 0.035438798981840214
3700.2992498896124 0.03557177645774382
3702.5798683138573 0.035524625655623504
3704.8615106787574 0.036594017199866304
3707.144175965356 0.0368685604773119
3709.4278631546963 0.03830476050010968
3711.7125712278253 0.040193716292825726
3713.998299165784 0.04356040205098574
3716.285045949615 0.04606345145995747
3718.5728105603644 0.04666454304587395
3720.861591979074 0.0469960563728108
3723.1513891867876 0.04809884680410832
3725.4422011645497 0.04834350370951515
3727.7340268934036 0.04829192984999217
3730.026865354394 0.04894948879228869
3732.320715528561 0.05136122642695079
3734.6155763969514 0.05356766567030455
3736.9114469406095 0.05426522727127297
3739.2083261405755 0.05611509550562149
3741.506212977895 0.05724655746890814
3743.80510643361 0.05739251752127365
3746.1050054887655 0.055318025916905836
3748.405909124407 0.05118233972043796
3750.7078163215756 0.050344106842653114
3753.0107260613154 0.0495387590644807
3755.3146373246705 0.04755683777250183
3757.619549092683 0.04510080150196408
3759.925460346397 0.044641189830566905
3762.232370066858 0.04542842794968323
3764.540277235107 0.045345462604586106
3766.8491808321905 0.04479986015474931
3769.1590798391485 0.04434597751972528
3771.469973237029 0.043445702006605386
3773.781860006871 0.043057569047192046
3776.0947391297223 0.0424388340796192
3778.4086095866237 0.04236861731610575
3780.7234703586187 0.04224384261856887
3783.0393204267516 0.04252139550635694
3785.3561587720665 0.042871382592150224
3787.673984375607 0.043167804176371616
3789.9927962184156 0.043616881833465
3792.3125932815374 0.04413323524293369
3794.633374546015 0.04440195919273934
3796.955138992891 0.04430729641537672
3799.277885603212 0.04473681792708794
3801.6016133580183 0.04502732265941502
3803.926321238356 0.04595561493806422
3806.252008225268 0.04642318181153209
3808.578673299799 0.048403703540270286
3810.906315442988 0.04910437335570096
3813.2349336358848 0.051818390900185946
3815.564526859528 0.054687793812445505
3817.8950940949644 0.05843669595496726
3820.226634323237 0.06116402787348771
3822.5591465253856 0.06303269716217709
3824.8926296824593 0.061951050202627644
3827.2270827755005 0.06070954358596312
3829.56250478555 0.059307180048065594
3831.898894693654 0.056404357855278704
3834.2362514808556 0.054489210713290756
3836.574574128196 0.05211869147923699
3838.9138616167224 0.050119797350079015
3841.254112927477 0.05036823047011129
3843.5953270415025 0.051698377678490344
3845.937502939843 0.053455386104416025
3848.280639603544 0.05720675669502344
3850.6247360136463 0.06230484400700771
3852.9697911511944 0.07121707247998287
3855.315803997233 0.08225234056382566
3857.662773532804 0.08758093911656951
3860.0106987389518 0.08676739654862928
3862.3595785967213 0.08365790863113229
3864.709412087154 0.08162390641494877
3867.0601981912937 0.07476468523056116
3869.411935890185 0.06553868311683603
3871.7646241648713 0.05719245185463046
3874.1182619963956 0.057110758811717434
3876.4728483658023 0.05913485468106238
3878.828382254135 0.06172331096722816
3881.184862642436 0.06680053178438025
3883.542288511751 0.07112643257990184
3885.9006588431216 0.07127284915541811
3888.259972617593 0.06959051398514252
3890.6202288162076 0.06758979953808762
3892.9814264200095 0.06719488038092024
3895.343564410042 0.06669363773272036
3897.7066417673486 0.06123303327387986
3900.070657472973 0.057172945401040315
3902.43561050796 0.056734754295760394
3904.8014998533517 0.054741251537491
3907.168324490193 0.05272902527451181
3909.536083399526 0.05124518194729715
3911.904775562395 0.05050907035488844
3914.2743999598433 0.05181965412335595
3916.6449555729155 0.056097390279182924
3919.016441382653 0.06099979355094741
3921.388856370103 0.06551991660461075
3923.7621995163063 0.07186891760384669
3926.1364698023085 0.07682148838644363
3928.51166620915 0.07695510351317705
3930.887787717877 0.07502241331880459
3933.2648333095326 0.0700040690035995
3935.6428019651594 0.0654114938296126
3938.0216926658027 0.06076548107795364
3940.4015043925046 0.057180644748637904
3942.78223612631 0.05599932350666996
3945.1638868482614 0.056725918040145165
3947.5464555394024 0.056895893908150995
3949.929941180778 0.05609479668841634
3952.31434275343 0.05562742445397568
3954.699659238403 0.05387975865656302
3957.08588961674 0.0513625706692038
3959.4730328694864 0.04902737741981537
3961.861087977684 0.047458281153356624
3964.250053922376 0.048269338093186925
3966.6399296846075 0.04947842941644565
3969.030714245421 0.04934322392433983
3971.422406585861 0.05052945683217006
3973.8150056869704 0.05049850975178979
3976.208510529793 0.05022323085831404
3978.6029200953717 0.04975467584732532
3980.9982333647517 0.048605827618016705
3983.3944493189756 0.04729740216868441
3985.7915669390864 0.046903661200976395
3988.189585206129 0.04658686408744696
3990.5885031011467 0.04786218039372605
3992.9883196051824 0.04820199789791933
3995.3890336992804 0.04892292306238202
3997.790644364484 0.0478680824846793
4000.1931505818375 0.0487572909533384
4002.596551332383 0.048183014140420054
4005.0008455971642 0.047875834381595254
4007.406032357226 0.04673278976784739
4009.8121105936116 0.047410415876924426
4012.219079287365 0.048271355772341755
4014.626937419529 0.04841474849865927
4017.035683971146 0.047468616544373815
4019.445317923263 0.047454532318167035
4021.8558382569195 0.04867199232761498
4024.267243953163 0.050693388242237215
4026.679533993035 0.05449603140312026
4029.092707357579 0.06028778036774368
4031.5067630278386 0.06489428643198165
4033.921699984858 0.06728512332724611
4036.337517209681 0.07323829961802115
4038.7542136833513 0.08057866480473515
4041.171788386911 0.0887859609447073
4043.590240301405 0.09028945648178158
4046.0095684078774 0.0880071198063018
4048.4297716873702 0.08737058289069327
4050.8508491209277 0.08753739851186236
4053.272799689594 0.08086033478354944
4055.695622374412 0.07180576123143882
4058.1193161564265 0.06520064570917332
4060.543880016679 0.0674000611068122
4062.969312936215 0.06991078729521309
4065.3956138960766 0.07587872072255372
4067.822781877309 0.09171685327646807
4070.250815860955 0.09984577789871335
4072.6797148280584 0.10124627931489853
4075.109477759662 0.10270136272434705
4077.5401036368103 0.09951753495831217
4079.971591440547 0.09416729206962804
4082.4039401519144 0.08211806850980725
4084.8371487519576 0.06460218127037458
4087.2712162217194 0.05792735801156467
4089.706141542244 0.054024098991876435
4092.141923694574 0.05097093495114498
4094.578561659754 0.051720960283067684
4097.0160544188275 0.05724588103667804
4099.454400952837 0.06727158014983564
4101.893600242828 0.07314333613291588
4104.333651269842 0.07278799049362204
4106.774553014923 0.07150226917509321
4109.216304459117 0.0690121601896095
4111.658904583465 0.06397924377935761
4114.102352369011 0.05765714366614774
4116.5466467968 0.04830718840357994
4118.991786847874 0.04773800575424467
4121.437771503277 0.05223934812114635
4123.884599744054 0.06048925999054163
4126.3322705512455 0.07625679675787411
4128.780782905898 0.09062603153890174
4131.230135789054 0.09245129578639348
4133.680328181757 0.092525314753418
4136.131359065052 0.08950953478331301
4138.583227419979 0.0849939339004224
4141.035932227586 0.0756383256090052
4143.489472468914 0.06042917016724725
4145.943847125007 0.05377497790721502
4148.399055176908 0.06028812244207351
4150.855095605663 0.07257357904577416
4153.311967392314 0.09531109671792654
4155.769669517904 0.11356666211817051
4158.228200963478 0.11611260539428885
4160.687560710077 0.117747471375416
4163.147747738748 0.11189408968411005
4165.608761030532 0.10393382553748205
4168.070599566474 0.08849823647277974
4170.533262327617 0.06666200232773864
4172.996748295005 0.05630643439885787
4175.461056449682 0.0581826269835967
4177.92618577269 0.062481544975020724
4180.392135245074 0.06565898318543924
4182.858903847877 0.07145005736794453
4185.326490562144 0.08022650062984167
4187.794894368916 0.09363530191419617
4190.264114249238 0.10613057393044777
4192.7341491841535 0.12863907421398685
4195.204998154707 0.16092354858439017
4197.676660141942 0.17919259196811035
4200.1491341269 0.17536832786722942
4202.622419090627 0.16185777202313328
4205.096514014163 0.1482383809569764
4207.571417878557 0.1298242144069787
4210.047129664848 0.10175570460214821
4212.523648354084 0.0736173788324586
4215.000972927303 0.06343323284993911
4217.479102365553 0.06664870276276635
4219.958035649877 0.07064266489187725
4222.437771761316 0.0768627646768343
4224.9183096809165 0.08261360348272496
4227.399648389722 0.08130537731672415
4229.881786868773 0.08148736174220994
4232.364724099116 0.08380537465509962
4234.8484590617945 0.08246100870859457
4237.332990737851 0.07731706904901092
4239.81831810833 0.07030139467586126
4242.304440154274 0.065598813169252
4244.791355856726 0.06657259585288791
4247.279064196732 0.06780964960782847
4249.767564155335 0.06918009652283906
4252.256854713576 0.0807917475935675
4254.746934852503 0.10271957327891627
4257.237803553155 0.11490038043825748
4259.729459796578 0.12377511954583274
4262.221902563816 0.13676474239147074
4264.715130835913 0.14802936539837078
4267.209143593911 0.16846717079103796
4269.7039398188535 0.18496624226253483
4272.199518491785 0.20900504143840984
4274.6958785937495 0.22810870680667125
4277.19301910579 0.2181877119668864
4279.6909390089495 0.201686022849846
4282.189637284272 0.1809066416506094
4284.689112912803 0.14904900642620889
4287.189364875582 0.11984300702248525
4289.690392153657 0.07854383756040637
4292.192193728069 0.06864721974495035
4294.6947685798605 0.07755425773465677
4297.198115690078 0.08519983793164199
4299.702234039764 0.08948344299363002
4302.207122609962 0.09628654404481471
4304.712780381716 0.10240717184956641
4307.219206336069 0.09967873811316635
4309.7263994540635 0.09151675644525488
4312.234358716746 0.08045306953348887
4314.743083105158 0.07397869893207201
4317.252571600343 0.07378483442903645
4319.762823183347 0.07350364857052166
4322.273836835209 0.08001062768343477
4324.785611536977 0.09533691459980122
4327.298146269693 0.11659917715802907
4329.8114400144 0.12940413065041662
4332.325491752144 0.13485712685584805
4334.840300463965 0.13409049845308213
4337.3558651309095 0.13354199753006574
4339.8721847340175 0.14157938148510443
4342.389258254337 0.15821722954915005
4344.90708467291 0.16127356311846427
4347.425662970779 0.15436734969675348
4349.94499212899 0.15158821897145197
4352.465071128582 0.1455291321832743
4354.985898950604 0.13530835740558575
4357.507474576097 0.11582525014395455
4360.029796986102 0.09182874544222942
4362.552865161669 0.094406327601554
4365.076678083836 0.11961220243461489
4367.60123473365 0.1434154497515793
4370.126534092152 0.16238148752078252
4372.652575140386 0.17980822457099588
4375.179356859399 0.1948405262838883
4377.70687823023 0.20373500238959538
4380.235138233925 0.19705189107988777
4382.764135851527 0.17037158980085096
4385.293870064079 0.15020283264565465
4387.824339852627 0.1321796864468329
4390.3555441982135 0.1140835853339961
4392.887482081879 0.10298519976212887
4395.42015248467 0.10112253932856931
4397.953554387633 0.10236474989117217
4400.487686771805 0.1079075464524051
4403.0225486182335 0.10848217633817579
4405.558138907963 0.10571675645464725
4408.094456622035 0.1021569098673002
4410.631500741494 0.09197335722862979
4413.169270247384 0.081168144478103
4415.707764120747 0.08351923677616056
4418.246981342625 0.10313902192794697
4420.786920894067 0.1409079626778163
4423.327581756115 0.16774259289665616
4425.86896290981 0.18441903371165214
4428.411063336197 0.19021292518675048
4430.95388201632 0.18594180950535555
4433.49741793122 0.17558789832392793
4436.041670061946 0.15053735461443996
4438.586637389536 0.11586633119589784
4441.132318895037 0.09602032605015769
4443.678713559492 0.08631206846023261
4446.225820363944 0.08280815678177383
4448.773638289435 0.08028825915688345
4451.322166317012 0.07770879067463955
4453.871403427716 0.07773839147165218
4456.421348602592 0.07991074192525205
4458.972000822684 0.07724869271772
4461.523359069034 0.07430954502258563
4464.075422322686 0.07679179204501352
4466.628189564685 0.08330936968172581
4469.181659776074 0.0966165949338989
4471.735831937894 0.10397462197975842
4474.290705031192 0.11669827119145262
4476.846278037011 0.13534225307328543
4479.402549936393 0.13940196054207551
4481.959519710383 0.1361254379740963
4484.517186340025 0.12831356998920124
4487.07554880636 0.11357345256945652
4489.634606090434 0.10312579001173496
4492.194357173291 0.08576882038247226
4494.7548010359715 0.07130039283381459
4497.315936659523 0.07119895755036743
4499.877763024987 0.07421238121464102
4502.440279113406 0.08044422293115915
