tests/wavecal_2col.ecsv
# %ECSV 1.0
# ---
# datatype:
# - {name: wavelength, datatype: float64}
# - {name: normalized count, datatype: float64}
# meta:
#   DATE: !!python/tuple ['2021-11-15 13:12', Date file was generated]
#   NPEAKD: !!python/tuple [66, Number of peaks detected]
#   NPEAKU: !!python/tuple [49, Number of peaks used]
#   NPIECES: !!python/tuple [1, Number of spline3 pieces (``order`` in iraf)]
#   ORIGIN: !!python/tuple [wavecal UI version 0.0.1, File originator]
#   RMS: !!python/tuple [3.339, Root mean squared of fitting]
# schema: astropy-2.0
wavelength "normalized count"
[from data line 1573]
7453.570042624589 0.00962335616
7456.477319785533 0.00953667331
7459.384685006153 0.00998284202
7462.292137846094 0.0105764046
7465.199677865005 0.0112207513
7468.107304622534 0.0115090422
7471.015017678321 0.0118231019
7473.9228165920185 0.0121561559
7476.830700923271 0.0128677217
7479.738670231725 0.0133594424
7482.646724077029 0.0140007529
7485.554862018827 0.0147685446
7488.463083616768 0.0237273928
7491.371388430496 0.090238519
7494.279776019659 0.293913603
7497.188245943906 0.514784932
7500.096797762879 0.600641072
7503.005431036226 0.677489281
7505.914145323595 0.831185579
7508.822940184632 0.940225303
7511.731815178984 0.960971832
7514.640769866296 0.908724189
7517.549803806216 0.740776658
7520.458916558391 0.515015543
7523.368107682468 0.398499578
7526.27737673809 0.323679537
7529.186723284909 0.193852648
7532.096146882566 0.0671925545
7535.005647090711 0.0198339485
7537.91522346899 0.0117089069
7540.824875577053 0.0103761377
7543.7346029745395 0.00975693669
7546.644405221101 0.00940998551
7549.554281876381 0.00928994082
7552.464232500028 0.0092388289
7555.374256651691 0.00914374832
7558.284353891013 0.00904496666
7561.194523777642 0.00896992907
7564.104765871223 0.00898024905
7567.015079731404 0.00896342099
7569.925464917834 0.00887245033
7572.8359209901555 0.00905069523
7575.746447508016 0.00901724398
7578.657044031064 0.00919811893
7581.567710118944 0.00920271035
7584.478445331306 0.00934953522
7587.389249227792 0.00941213593
7590.300121368051 0.00950255617
7593.211061311729 0.00954358187
7596.122068618473 0.00964847952
7599.03314284793 0.0098235961
7601.9442835597465 0.00990146212
7604.855490313568 0.010032298
7607.766762669041 0.0102970153
7610.6781001858135 0.0107420376
7613.589502423532 0.011150538
7616.500968941845 0.0125618316
7619.412499300394 0.0205166228
7622.324093058827 0.0768792555
7625.235749776795 0.263850808
7628.147469013941 0.503233731
7631.059250329912 0.607494414
7633.971093284352 0.630857885
7636.882997436913 0.635000527
7639.794962347239 0.633220851
7642.706987574976 0.624779522
7645.619072679771 0.574543536
7648.531217221271 0.418230802
7651.443420759121 0.185212374
7654.355682852971 0.0514268577
7657.268003062464 0.0165572166
7660.18038094725 0.0115546733
7663.092816066971 0.0105751297
7666.005307981278 0.0100251324
7668.917856249816 0.00978969596
7671.830460432233 0.00958623458
7674.743120088172 0.00938138366
7677.6558347772825 0.00937832054
7680.56860405921 0.00924492348
7683.481427493602 0.00916503649
7686.394304640105 0.00905159116
7689.3072350583625 0.00919318292
7692.220218308026 0.00931599177
7695.133253948739 0.00944504514
7698.046341540148 0.00980282295
7700.959480641903 0.00998159125
7703.872670813647 0.0104518877
7706.785911615028 0.0123211881
7709.699202605692 0.0269494671
7712.612543345285 0.100990988
7715.525933393457 0.260643899
7718.439372309849 0.378899872
7721.352859654114 0.420590609
7724.266394985893 0.427364141
7727.1799778648365 0.429318696
7730.093607850588 0.427190691
7733.007284502797 0.413262486
7735.921007381107 0.350499481
7738.834776045169 0.210892007
7741.748590054625 0.0793605074
7744.662448969125 0.023314463
7747.576352348312 0.0118319523
7750.490299751836 0.00966016296
7753.404290739341 0.0088718608
7756.318324870477 0.00845875684
7759.232401704889 0.00829369854
7762.146520802221 0.0081583485
7765.060681722122 0.00799980666
7767.97488402424 0.00799357239
7770.889127268219 0.00813147519
7773.803411013705 0.00838265102
7776.7177348203495 0.00866435375
7779.632098247792 0.00884005614
7782.546500855686 0.00871389266
7785.460942203674 0.00878106616
7788.375421851401 0.0089465864
7791.289939358519 0.0090361489
7794.204494284671 0.00902709831
7797.119086189505 0.00866552535
7800.033714632666 0.00823697355
7802.948379173802 0.00788661465
7805.863079372559 0.00799284223
7808.777814788586 0.00802999642
7811.692584981523 0.00781470444
7814.607389511024 0.0075274636
7817.522227936731 0.00743858609
7820.437099818293 0.00732790446
7823.352004715355 0.00714749238
7826.266942187565 0.00720675196
7829.181911794569 0.00726185553
7832.096913096013 0.00710024778
7835.011945651546 0.00719669741
7837.927009020809 0.00730317738
7840.842102763456 0.00752682891
7843.757226439128 0.007954726
7846.672379607475 0.00822771713
7849.587561828142 0.00836808328
7852.502772660774 0.00850321073
7855.4180116650205 0.00863923598
7858.333278400525 0.00875402987
7861.248572426938 0.00892409775
7864.163893303905 0.00877616741
7867.079240591071 0.00829578284
7869.994613848083 0.00805047527
7872.9100126345875 0.00787866488
7875.825436510232 0.00781804044
7878.740885034664 0.00806011446
7881.656357767526 0.00849116128
7884.571854268469 0.00896004401
7887.487374097138 0.00918268226
7890.40291681318 0.00930348039
7893.318481976241 0.00927730836
7896.234069145967 0.00943428278
7899.149677882005 0.00962799881
7902.065307744 0.00990159251
7904.980958291604 0.00963838026
7907.896629084461 0.00940241572
7910.812319682214 0.00923692808
7913.728029644513 0.009221307
7916.643758531004 0.00941573642
7919.559505901334 0.00947988499
7922.475271315151 0.00952485949
7925.391054332096 0.00943420269
7928.306854511821 0.00949047878
7931.222671413971 0.0115958499
7934.138504598193 0.0272219293
7937.054353624132 0.0876155719
7939.970218051437 0.189365
7942.886097439751 0.252996594
7945.801991348726 0.277749032
7948.717899338002 0.282952875
7951.633820967234 0.283594042
7954.549755796061 0.280829877
7957.465703384132 0.265722722
7960.381663291095 0.214465782
7963.297635076595 0.12423756
7966.2136183002785 0.0528165549
7969.129612521794 0.0202639494
7972.045617300787 0.0129170567
7974.961632196903 0.0115403309
7977.877656769789 0.0113570318
7980.793690579093 0.0111344084
7983.70973318446 0.0109307719
7986.625784145538 0.0110808285
7989.541843021972 0.0143092619
7992.45790937341 0.0353533141
7995.3739827595 0.103996366
7998.290062739886 0.204339698
8001.206148874216 0.290063322
8004.122240722132 0.409667373
8007.038337843289 0.545538664
8009.954439797329 0.61866951
8012.870546143896 0.642308593
8015.786656442641 0.625914276
8018.702770253209 0.568441808
8021.618887135244 0.475635201
8024.535006648398 0.38426742
8027.451128352312 0.272513807
8030.367251806638 0.142821684
8033.283376571019 0.0572568811
8036.199502205102 0.0206908416
8039.115628268537 0.0131193688
8042.031754320966 0.0120938057
8044.947879922036 0.0124409283
8047.864004631397 0.0130307879
8050.7801280086915 0.0134782922
8053.696249613571 0.013524143
8056.612369005677 0.0135673909
8059.528485744659 0.0135110468
8062.444599390162 0.0133739682
8065.360709501834 0.013093601
8068.276815639321 0.0122100301
8071.19291736227 0.0116533963
8074.109014230327 0.0111064753
8077.02510580314 0.0108401356
8079.941191640353 0.0109766396
8082.857271301618 0.0116752554
8085.773344346575 0.0148628624
8088.689410334871 0.0335903019
8091.605468826157 0.106333219
8094.521519380079 0.23709929
8097.437561556282 0.335763097
8100.353594914412 0.416855067
8103.269619014116 0.559341311
8106.185633415042 0.788793206
8109.101637676833 0.94320035
8112.017631359139 1.0
8114.933614021607 0.956808567
8117.84958522388 0.844875515
8120.76554452561 0.738080144
8123.681491486439 0.648204386
8126.5974256660165 0.517341495
8129.513346623987 0.311674148
8132.429253919997 0.137424991
8135.345147113695 0.0441860743
8138.261025764726 0.0168245919
8141.176889432738 0.0115674278
8144.092737677375 0.0100728488
8147.008570058286 0.00933517143
8149.924386135118 0.00890597701
8152.840185467516 0.0084767472
8155.755967615126 0.00833614357
8158.671732137596 0.00826225057
8161.587478594573 0.0081103323
8164.5032065457035 0.00802568905
8167.418915550634 0.00800854247
8170.33460516901 0.00821342878
8173.250274960479 0.00833903905
8176.165924484687 0.00853322353
8179.08155330128 0.00867912266
8181.997160969906 0.00879296754
8184.9127470502135 0.00873705093
8187.828311101845 0.00875222962
8190.743852684447 0.00885301828
8193.65937135767 0.00881998148
8196.574866681158 0.00860006735
8199.490338214559 0.00853510108
8202.405785517516 0.00845077541
8205.32120814968 0.00845393538
8208.236605670698 0.00864908099
8211.151977640215 0.00901042949
8214.067323617874 0.00945421029
8216.982643163325 0.00988330413
8219.897935836216 0.00988363009
8222.81320119619 0.0098031098
8225.728438802897 0.00981878303
8228.643648215982 0.00951234624
8231.558828995092 0.00925951172
8234.473980699873 0.00899065752
8237.389102889972 0.00866491348
8240.304195125036 0.0083710989
8243.219256964709 0.00864768587
8246.134287968642 0.0119195674
8249.049287696478 0.0307958461
8251.964255707868 0.09049391
8254.879191562453 0.179031372
8257.794094819881 0.236614898
8260.708965039801 0.267017424
8263.62380178186 0.274995148
8266.538604605701 0.275722265
8269.453373070974 0.272430271
8272.368106737324 0.253173292
8275.282805164396 0.201004401
8278.19746791184 0.120852962
8281.1120945393 0.0578212403
8284.026684606424 0.021776244
8286.941237672856 0.0106253326
8289.855753298249 0.0083413301
8292.770231042241 0.00773986941
8295.684670464485 0.0073872353
8298.599071124627 0.00723833404
8301.513432582311 0.00716521125
8304.427754397184 0.00698898174
8307.342036128894 0.00688046543
8310.256277337085 0.00670111179
8313.170477581409 0.00678143417
8316.084636421507 0.00687704096
8318.99875341703 0.00698427623
8321.91282812762 0.00707037607
8324.826860112926 0.00724853855
8327.740848932595 0.00748759927
8330.654794146274 0.00756414002
8333.568695313608 0.00789356604
8336.482551994244 0.00809117779
8339.39636374783 0.00810299162
8342.310130134012 0.00807015505
8345.223850712435 0.00806278363
8348.137525042746 0.00787474308
8351.051152684593 0.00780219445
8353.964733197623 0.00781436171
8356.87826614148 0.00776213221
8359.791751075814 0.00782799721
8362.705187560268 0.0082249511
8365.618575154493 0.00864560716
8368.53191341813 0.00900313631
8371.445201910828 0.00934552401
8374.358440192236 0.00953541975
8377.271627822 0.00995937362
8380.184764359765 0.0102390293
8383.097849365175 0.0107278731
8386.01088239788 0.0118586132
8388.923863017528 0.0190464985
8391.836790783764 0.0549596399
8394.749665256235 0.153038129
8397.662485994584 0.280618727
8400.575252558463 0.362269074
8403.487964507516 0.410255969
8406.400621401388 0.440787107
8409.31322279973 0.513242126
8412.225768262184 0.64877218
8415.138257348399 0.746362746
8418.05068961802 0.7412287
8420.963064630694 0.658958018
8423.875381946074 0.578777432
8426.787641123796 0.524416327
8429.699841723512 0.487518519
8432.611983304869 0.419297069
8435.524065427511 0.290742427
8438.436087651091 0.155657664
8441.348049535247 0.0685456097
8444.259950639631 0.0248054769
8447.17179052389 0.0128709963
8450.083568747665 0.00974174123
8452.995284870607 0.00879853219
8455.906938452363 0.00812253542
8458.81852905258 0.00751977926
8461.7300562309 0.00718978187
8464.641519546974 0.00694679795
8467.552918560448 0.00679226965
8470.464252830967 0.0068271067
8473.37552191818 0.00684083765
8476.286725381731 0.00702498993
8479.197862781268 0.00707922084
8482.108933676438 0.00710402289
8485.019937626885 0.00722111948
8487.93087419226 0.00740050012
8490.841742932207 0.00732281199
8493.75254340637 0.00745932804
8496.663275174402 0.00771043915
8499.573937795943 0.00986567419
8502.484530830645 0.0219702683
8505.39505383815 0.0642596185
8508.305506378108 0.139898986
8511.215888010165 0.203005835
8514.126198293967 0.242298022
8517.03643678916 0.260341942
8519.946603055389 0.264187932
8522.856696652305 0.262282699
8525.766717139551 0.249618456
8528.676664076775 0.211981162
8531.586537023624 0.144783065
8534.496335539745 0.0803093314
8537.406059184785 0.0372492224
8540.315707518388 0.0156763885
8543.225280100201 0.0094529856
8546.134776489871 0.00777108874
8549.044196247047 0.00715677347
8551.953538931375 0.00660820305
8554.862804102499 0.00625171466
8557.771991320065 0.00597901875
8560.681100143724 0.00592749706
8563.590130133118 0.00579861924
8566.499080847896 0.00570899155
8569.407951847706 0.00559717789
8572.316742692192 0.00544752274
8575.225452941 0.00552953733
8578.134082153781 0.00550372526
8581.04262989018 0.00539644901
8583.95109570984 0.0054391413
8586.85947917241 0.00549837481
8589.767779837535 0.00586602231
8592.675997264867 0.00642505847
8595.584131014048 0.00658879848
8598.492180644724 0.00687088817
8601.400145716543 0.00699317129
8604.30802578915 0.00717968121
8607.215820422194 0.00738602364
8610.123529175324 0.00746312365
8613.031151608178 0.00730461767
8615.93868728041 0.00683892611
8618.846135751666 0.00648228452
8621.753496581588 0.00621590856
8624.660769329832 0.00603728974
8627.567953556034 0.00587372249
8630.475048819846 0.00557435676
8633.382054680913 0.00540551543
8636.288970698883 0.00537866494
8639.1957964334 0.00541236671
8642.102531444114 0.00578747038
8645.009175290668 0.00700632622
8647.915727532712 0.0127274469
8650.822187729891 0.0276311561
8653.728555441854 0.0477330387
8656.634830228242 0.0619561598
8659.541011648706 0.0712140948
8662.447099262892 0.0749281049
8665.353092630448 0.0756413639
8668.258991311011 0.0742217004
8671.164794864246 0.06884671
8674.070502849783 0.0556039326
8676.976114827277 0.0368422233
8679.88163035637 0.0218402725
8682.78704899671 0.0118090343
8685.692370307948 0.00689993706
8688.597593849723 0.00551001867
8691.502719181688 0.00503160339
8694.407745863487 0.00481173676
8697.312673454768 0.00473023998
8700.217501515173 0.00469043711
8703.122229604354 0.00468628341
8706.026857281955 0.00475920876
8708.931384107624 0.0048394734
8711.835809641005 0.00478552561
8714.740133441748 0.00474355742
8717.644355069498 0.00471905386
8720.548474083902 0.00468464335
8723.452490044607 0.00463129161
8726.356402511254 0.00456411345
8729.260211043498 0.00446871668
8732.163915200983 0.00436976505
8735.067514543352 0.00438077748
8737.971008630253 0.00443460932
8740.874397021338 0.00455280207
8743.777679276245 0.00487855682
8746.680854954631 0.00523290643
8749.583923616132 0.005466267
8752.4868848204 0.00572122913
8755.38973812708 0.00593844894
8758.292483095818 0.00598150445
8761.195119286267 0.00592437247
8764.097646258064 0.00576019194
8767.000063570862 0.00563741988
8769.902370784303 0.00534400111
8772.804567458043 0.00536718173
8775.706653151718 0.00547171943
8778.60862742498 0.00563102588
8781.51048983747 0.00575069431
8784.412239948844 0.00587629015
8787.313877318735 0.00579591142
8790.215401506808 0.0058030705
8793.116812072692 0.00553506659
8796.018108576047 0.00529876212
8798.91929057651 0.00492901821
8801.820357633735 0.00467760162
8804.721309307364 0.0043752091
8807.622145157042 0.00428684987
8810.52286474242 0.0041582142
8813.423467623139 0.0041887206
8816.323953358853 0.00412749778
8819.224321509206 0.0041422029
8822.12457163384 0.00414138567
8825.024703292409 0.00428003818
8827.924716044554 0.00436061854
8830.824609449923 0.00447720569
8833.724383068165 0.00448116474
