tests/wavecal_2col.ecsv
# %ECSV 1.0
# ---
# datatype:
# - {name: wavelength, datatype: float64}
# - {name: normalized count, datatype: float64}
# meta:
#   DATE: !!python/tuple ['2021-11-15 13:12', Date file was generated]
#   NPEAKD: !!python/tuple [66, Number of peaks detected]
#   NPEAKU: !!python/tuple [49, Number of peaks used]
#   NPIECES: !!python/tuple [1, Number of spline3 pieces (``order`` in iraf)]
#   ORIGIN: !!python/tuple [wavecal UI version 0.0.1, File originator]
#   RMS: !!python/tuple [3.339, Root mean squared of fitting]
# schema: astropy-2.0
wavelength "normalized count"
[from data line 519]
4524.439893346431 0.114229396
4527.009525724086 0.106126994
4529.5797102939 0.103457496
4532.150446615518 0.110741533
4534.721734248592 0.128712833
4537.293572752763 0.166902632
4539.86596168768 0.216093257
4542.438900612989 0.23304677
4545.012389088337 0.231536001
4547.586426673371 0.22930038
4550.161012927736 0.22667174
4552.73614741108 0.221589044
4555.31182968305 0.208344489
4557.888059303292 0.180426702
4560.464835831452 0.134230003
4563.042158827176 0.100790888
4565.620027850112 0.098401688
4568.198442459907 0.105107121
4570.7774022162075 0.12076655
4573.3569066786595 0.145584136
4575.936955406907 0.161379501
4578.517547960601 0.169572145
4581.098683899387 0.189398333
4583.6803627829095 0.223997891
4586.262584170819 0.245323926
4588.845347622755 0.246021196
4591.428652698373 0.240556702
4594.012498957313 0.226091295
4596.596885959224 0.21294196
4599.181813263754 0.224411428
4601.767280430546 0.254958838
4604.353287019249 0.280817062
4606.939832589511 0.265856177
4609.526916700975 0.256410092
4612.114538913292 0.250402272
4614.702698786103 0.242422149
4617.291395879059 0.234314218
4619.880629751806 0.2184432
4622.470399963988 0.184264347
4625.060706075255 0.130722389
4627.6515476452505 0.0981457904
4630.242924233626 0.0987906232
4632.834835400021 0.102032743
4635.427280704089 0.102559097
4638.02025970547 0.10281013
4640.613771963816 0.103186786
4643.207817038772 0.104814745
4645.802394489985 0.113187142
4648.3975038771 0.134721518
4650.993144759763 0.173483521
4653.589316697623 0.20063296
4656.186019250326 0.202604517
4658.783251977519 0.202894419
4661.381014438848 0.203582391
4663.979306193958 0.201450408
4666.5781268024975 0.194605917
4669.177475824113 0.177739352
4671.77735281845 0.143902764
4674.377757345157 0.1061728
4676.978688963879 0.0949788839
4679.580147234263 0.0948442891
4682.182131715956 0.0948855206
4684.784641968604 0.0952385962
4687.387677551854 0.0956626609
4689.991238025352 0.0965612009
4692.595322948746 0.0983694345
4695.199931881681 0.101358369
4697.805064383804 0.104052007
4700.410720014763 0.105253085
4703.016898334202 0.105962627
4705.62359890177 0.106587984
4708.230821277113 0.107272908
4710.838565019876 0.108742476
4713.446829689708 0.113914184
4716.055614846254 0.127871528
4718.66492004916 0.158029854
4721.274744858075 0.195670977
4723.885088832645 0.214339688
4726.4959515325145 0.232868925
4729.107332517333 0.253026009
4731.719231346743 0.26247263
4734.331647580395 0.259190261
4736.944580777936 0.247686729
4739.558030499009 0.22311531
4742.171996303263 0.186117947
4744.786477750344 0.159983203
4747.401474399898 0.145223409
4750.016985811573 0.130554467
4752.633011545015 0.134636492
4755.24955115987 0.183275387
4757.866604215784 0.266390979
4760.484170272407 0.310871422
4763.1022488893805 0.314440787
4765.720839626357 0.314590216
4768.339942042979 0.31315577
4770.959555698893 0.310217768
4773.579680153747 0.296318799
4776.200314967187 0.260239899
4778.821459698861 0.191246167
4781.443113908414 0.125501111
4784.065277155493 0.112275265
4786.687948999745 0.112105049
4789.3111290008155 0.1131671
4791.9348167183525 0.117023513
4794.559011712002 0.12862514
4797.18371354141 0.156470224
4799.808921766224 0.188060299
4802.43463594609 0.195595726
4805.060855640655 0.195899054
4807.687580409566 0.196188182
4810.314809812469 0.195966691
4812.94254340901 0.193748087
4815.570780758836 0.185775071
4818.199521421596 0.165741593
4820.828764956933 0.134311721
4823.4585109244945 0.116791025
4826.088758883928 0.116840512
4828.71950839488 0.117475659
4831.350759016997 0.118205786
4833.982510309926 0.120573796
4836.614761833312 0.127670303
4839.247513146802 0.14224723
4841.880763810045 0.156222761
4844.514513382685 0.158330411
4847.14876142437 0.158960864
4849.783507494745 0.159469694
4852.418751153459 0.159395605
4855.054491960157 0.160529584
4857.690729474486 0.159337044
4860.327463256092 0.151261047
4862.9646928646225 0.138356805
4865.602417859724 0.140116602
4868.240637801042 0.164243177
4870.879352248224 0.218297794
4873.518560760916 0.274160624
4876.158262898765 0.287220031
4878.7984582214185 0.293314487
4881.439146288521 0.303165913
4884.080326659723 0.307177991
4886.721998894666 0.302517623
4889.364162553001 0.28521204
4892.006817194371 0.245138288
4894.649962378425 0.188754529
4897.293597664809 0.162027478
4899.937722613169 0.156109229
4902.582336783152 0.146078974
4905.227439734405 0.137122661
4907.8730310265755 0.136395633
4910.519110219307 0.138463929
4913.16567687225 0.140399501
4915.812730545046 0.139876857
4918.460270797346 0.137093171
4921.108297188796 0.136633843
4923.756809279041 0.139787599
4926.40580662773 0.144459412
4929.055288794508 0.145729035
4931.7052553390195 0.145500943
4934.355705820914 0.143726543
4937.006639799839 0.143032029
4939.658056835439 0.143160015
4942.309956487359 0.142739251
4944.96233831525 0.141151384
4947.615201878755 0.141042277
4950.268546737524 0.146186382
4952.922372451199 0.156589627
4955.57667857943 0.180402935
4958.231464681862 0.205309704
4960.886730318143 0.210152641
4963.542475047919 0.211318567
4966.198698430837 0.211240783
4968.855400026542 0.207867339
4971.512579394681 0.201511547
4974.170236094902 0.192466155
4976.828369686852 0.174260393
4979.486979730174 0.148479268
4982.14606578452 0.13663587
4984.8056274095325 0.135397896
4987.46566416486 0.133959129
4990.126175610147 0.133976355
4992.787161305042 0.134893477
4995.448620809191 0.136492103
4998.11055368224 0.141361877
5000.772959483837 0.14963828
5003.435837773629 0.156353146
5006.0991881112595 0.165738001
5008.763010056378 0.180789694
5011.427303168631 0.187514767
5014.092067007663 0.187803477
5016.757301133122 0.18621105
5019.423005104654 0.181530014
5022.089178481908 0.174080908
5024.755820824527 0.165449172
5027.422931692161 0.156299114
5030.090510644453 0.142273635
5032.758557241052 0.131672218
5035.427071041605 0.130233288
5038.096051605757 0.129741386
5040.765498493155 0.130303532
5043.435411263446 0.130781576
5046.105789476276 0.130685329
5048.776632691292 0.133486271
5051.447940468142 0.139739603
5054.1197123664715 0.146806583
5056.791947945926 0.147628754
5059.464646766152 0.146506816
5062.137808386799 0.145087853
5064.811432367511 0.143733636
5067.485518267935 0.142249197
5070.160065647718 0.139510587
5072.835074066506 0.134168789
5075.510543083947 0.12623404
5078.186472259686 0.122559503
5080.8628611533695 0.125691146
5083.5397093246465 0.127741322
5086.217016333161 0.127312511
5088.8947817385615 0.127049744
5091.573005100493 0.126718327
5094.251685978603 0.126416907
5096.930823932536 0.126963288
5099.610418521944 0.128679425
5102.290469306468 0.128495619
5104.970975845757 0.125531852
5107.651937699458 0.124660447
5110.333354427215 0.124037854
5113.015225588678 0.124481715
5115.697550743492 0.126514345
5118.380329451302 0.126993775
5121.063561271758 0.124248616
5123.747245764505 0.12120565
5126.431382489189 0.120046139
5129.115971005458 0.123953179
5131.801010872955 0.133316517
5134.486501651331 0.141196266
5137.172442900233 0.144929081
5139.858834179303 0.144958615
5142.545675048191 0.145758122
5145.232965066541 0.145535082
5147.920703794002 0.144970119
5150.608890790222 0.145365685
5153.297525614843 0.145301774
5155.986607827515 0.1472314
5158.676136987883 0.154056981
5161.366112655595 0.157007039
5164.056534390298 0.157732308
5166.747401751636 0.157945946
5169.438714299257 0.157891899
5172.130471592808 0.155981094
5174.822673191935 0.150655776
5177.515318656286 0.144824773
5180.208407545506 0.135730758
5182.901939419242 0.128415421
5185.595913837139 0.126558393
5188.290330358848 0.125139862
5190.985188544011 0.123986162
5193.680487952278 0.125026003
5196.376228143293 0.12458235
5199.072408676703 0.122179173
5201.769029112156 0.117920846
5204.466089009297 0.117782615
5207.163587927776 0.118843392
5209.861525427235 0.121565774
5212.559901067323 0.125379562
5215.258714407687 0.13176921
5217.957965007972 0.139797136
5220.657652427828 0.142855212
5223.357776226896 0.144446209
5226.058335964827 0.143613026
5228.759331201266 0.140919834
5231.4607614958595 0.138581797
5234.162626408254 0.135589868
5236.864925498099 0.130200192
5239.567658325036 0.121901602
5242.270824448717 0.117313825
5244.974423428784 0.116616413
5247.678454824886 0.1153
5250.382918196669 0.115246214
5253.087813103779 0.117717072
5255.793139105864 0.126075014
5258.498895762569 0.147055402
5261.205082633543 0.166664198
5263.911699278431 0.167675212
5266.618745256879 0.166102871
5269.326220128533 0.165858701
5272.0341234530415 0.166679755
5274.742454790052 0.165643409
5277.45121369921 0.159650564
5280.16039974016 0.143156528
5282.870012472551 0.120422773
5285.580051456028 0.112644367
5288.290516250239 0.112852648
5291.00140641483 0.112525485
5293.712721509448 0.111826003
5296.4244610937385 0.111366846
5299.13662472735 0.110847279
5301.849211969929 0.111312479
5304.562222381119 0.111575089
5307.275655520569 0.111188345
5309.989510947925 0.110624216
5312.703788222834 0.113099039
5315.418486904944 0.12262693
5318.133606553899 0.137329176
5320.849146729346 0.141545922
5323.565106990934 0.141269714
5326.281486898308 0.140938967
5328.998286011112 0.14255932
5331.715503888996 0.144390449
5334.433140091606 0.142045125
5337.151194178589 0.135092422
5339.869665709591 0.121697314
5342.588554244258 0.112190269
5345.307859342237 0.111640431
5348.027580563174 0.112416327
5350.7477174667165 0.111521475
5353.468269612511 0.110015295
5356.189236560205 0.111054547
5358.910617869445 0.116099529
5361.632413099873 0.123917878
5364.3546218111405 0.125829816
5367.077243562895 0.125112131
5369.80027791478 0.123896681
5372.523724426444 0.123842336
5375.24758265753 0.123641312
5377.97185216769 0.122772209
5380.696532516566 0.119991332
5383.421623263807 0.115474276
5386.14712396906 0.115889251
5388.873034191969 0.118298352
5391.599353492184 0.121183306
5394.326081429348 0.126502857
5397.0532175631115 0.130047321
5399.780761453118 0.13145189
5402.508712659015 0.131135881
5405.237070740451 0.129181057
5407.96583525707 0.125452399
5410.695005768517 0.122501485
5413.424581834444 0.12195646
5416.154563014495 0.120027728
5418.884948868314 0.120406844
5421.615738955551 0.121876918
5424.346932835852 0.123546988
5427.078530068861 0.124349616
5429.810530214229 0.125463873
5432.5429328316 0.126810968
5435.275737480621 0.129698128
5438.008943720937 0.132157087
5440.742551112196 0.131701395
5443.4765592140475 0.132102713
5446.210967586133 0.132829547
5448.945775788103 0.131924093
5451.6809833796015 0.131005958
5454.416589920275 0.128286943
5457.152594969772 0.124736272
5459.888998087739 0.120335266
5462.625798833821 0.116763018
5465.362996767666 0.1119176
5468.100591448921 0.10729254
5470.838582437229 0.105571412
5473.576969292241 0.104969442
5476.315751573602 0.104967453
5479.054928840958 0.10559804
5481.794500653957 0.108728014
5484.534466572244 0.116155282
5487.274826155466 0.121015891
5490.015578963271 0.121966131
5492.756724555304 0.123311341
5495.498262491212 0.126083672
5498.240192330642 0.126594394
5500.982513633239 0.126438603
5503.725225958652 0.123544782
5506.4683288665265 0.117323227
5509.211821916509 0.110192239
5511.955704668246 0.108662859
5514.699976681383 0.108277954
5517.444637515569 0.105848268
5520.1896867304495 0.104352646
5522.9351238856725 0.104256436
5525.680948540881 0.104485005
5528.4271602557255 0.104490623
5531.173758589851 0.104466237
5533.920743102903 0.104308739
5536.668113354529 0.103624344
5539.415868904376 0.104231276
5542.16400931209 0.107008226
5544.912534137318 0.112814672
5547.661442939708 0.12195316
5550.410735278902 0.12449602
5553.160410714552 0.12524347
5555.910468806302 0.12566708
5558.660909113799 0.127601966
5561.411731196688 0.131458282
5564.162934614618 0.131573811
5566.914518927235 0.128605366
5569.666483694186 0.121210814
5572.418828475116 0.115776956
5575.171552829673 0.116939768
5577.924656317502 0.117325909
5580.678138498251 0.116104484
5583.431998931567 0.112851009
5586.186237177097 0.111024052
5588.940852794484 0.110786714
5591.695845343378 0.113608412
5594.4512143834245 0.123915903
5597.206959474271 0.130373031
5599.963080175562 0.130160019
5602.719576046947 0.132057324
5605.47644664807 0.133098647
5608.2336915385795 0.132795975
5610.991310278122 0.131732553
5613.749302426341 0.128803447
5616.507667542887 0.121038102
5619.266405187406 0.111635916
5622.025514919543 0.109538786
5624.784996298945 0.109805621
5627.54484888526 0.108595349
5630.305072238132 0.108291976
5633.065665917209 0.108306184
5635.826629482138 0.110360846
5638.587962492566 0.114796549
5641.349664508139 0.11762666
5644.1117350885015 0.118184313
5646.874173793304 0.118167073
5649.63698018219 0.118048929
5652.4001538148095 0.118520565
5655.163694250805 0.117645651
5657.927601049824 0.116870709
5660.691873771518 0.113393933
5663.456511975525 0.110188477
5666.221515221499 0.109496117
5668.986883069084 0.11038886
5671.752615077926 0.110798411
5674.518710807672 0.112276778
5677.2851698179675 0.11449293
5680.051991668462 0.116228469
5682.819175918799 0.117385589
5685.586722128628 0.117990829
5688.354629857594 0.118474558
5691.122898665341 0.118991986
5693.891528111521 0.119256005
5696.660517755779 0.119321115
5699.42986715776 0.118935734
5702.199575877108 0.118040264
5704.969643473476 0.117583655
5707.740069506505 0.117844328
5710.510853535845 0.118055314
5713.281995121142 0.118297525
5716.053493822041 0.118553966
5718.825349198189 0.118160069
5721.597560809235 0.118189558
5724.370128214823 0.119234219
5727.143050974601 0.121575177
5729.916328648215 0.122999787
5732.689960795312 0.122347325
5735.463946975538 0.122243248
5738.238286748539 0.121460073
5741.012979673965 0.121196754
5743.788025311458 0.120369121
5746.563423220667 0.118280672
5749.339172961238 0.115178049
5752.115274092818 0.113483496
5754.891726175055 0.115759678
5757.668528767591 0.120088011
5760.445681430079 0.122296073
5763.22318372216 0.122283034
5766.001035203483 0.121302962
5768.779235433696 0.120110802
5771.557783972445 0.119841695
5774.336680379372 0.118520588
5777.11592421413 0.115358323
5779.895515036362 0.10964454
5782.675452405717 0.106257416
5785.455735881838 0.104575925
5788.236365024375 0.104540892
5791.017339392972 0.105487779
5793.798658547278 0.105351068
5796.580322046939 0.104767889
5799.3623294516 0.104133837
5802.144680320909 0.10385517
5804.927374214512 0.103611767
5807.710410692057 0.103247911
5810.493789313188 0.102888741
5813.277509637554 0.101793721
5816.061571224802 0.10132353
5818.845973634574 0.101356804
5821.630716426522 0.102699503
5824.4157991602915 0.103118144
5827.201221395527 0.10279154
5829.986982691875 0.102654994
5832.773082608985 0.10223113
5835.5595207065 0.101827756
5838.34629654407 0.101477504
5841.13340968134 0.100673899
5843.920859677958 0.0999106094
5846.708646093566 0.100345373
5849.496768487817 0.10274639
5852.285226420352 0.102936
5855.074019450823 0.102551632
5857.86314713887 0.102622874
5860.652609044147 0.102873527
5863.442404726294 0.102483705
5866.232533744962 0.102165028
5869.022995659796 0.102485374
5871.813790030442 0.102350242
5874.604916416549 0.105365455
5877.3963743777595 0.111532301
5880.188163473725 0.112650283
5882.980283264088 0.112220354
5885.772733308498 0.111945115
5888.565513166598 0.111412808
5891.358622398038 0.109596655
5894.152060562465 0.106331214
5896.9458272195225 0.107970573
5899.739921928859 0.115351588
5902.534344250121 0.119330272
5905.329093742954 0.119797602
5908.124169967007 0.120025739
5910.919572481925 0.120012537
5913.715300847353 0.1223092
5916.5113546229395 0.126797646
5919.307733368333 0.125260457
5922.104436643176 0.114833578
5924.901464007118 0.104441121
5927.698815019805 0.102891915
5930.4964892408825 0.103667341
5933.294486229998 0.103759162
5936.092805546799 0.102675132
5938.891446750929 0.0982519984
5941.690409402039 0.0944128335
5944.489693059773 0.0938684642
5947.289297283777 0.0936732441
5950.0892216337 0.0935289785
5952.889465669185 0.0926975533
5955.690028949883 0.0923965499
5958.490911035435 0.0925512165
5961.2921114854935 0.0924034566
