tests/wavecal_2col.ecsv
# %ECSV 1.0
# ---
# datatype:
# - {name: wavelength, datatype: float64}
# - {name: normalized count, datatype: float64}
# meta:
#   DATE: !!python/tuple ['2021-11-15 13:12', Date file was generated]
#   NPEAKD: !!python/tuple [66, Number of peaks detected]
#   NPEAKU: !!python/tuple [49, Number of peaks used]
#   NPIECES: !!python/tuple [1, Number of spline3 pieces (``order`` in iraf)]
#   ORIGIN: !!python/tuple [wavecal UI version 0.0.1, File originator]
#   RMS: !!python/tuple [3.339, Root mean squared of fitting]
# schema: astropy-2.0
wavelength "normalized count"
[from data line 1054]
5966.895465717706 0.0920212641
5969.697618619157 0.0917715952
5972.500088123696 0.0928294212
5975.302873790972 0.0945528895
5978.1059751806315 0.0953450128
5980.909391852321 0.0945328102
5983.713123365687 0.0945279375
5986.517169280378 0.0948971361
5989.321529156038 0.0951438472
5992.126202552316 0.0950388461
5994.9311890288545 0.0946103483
5997.736488145304 0.0929172933
6000.542099461308 0.0921090618
6003.3480225365165 0.0922493786
6006.154256930575 0.0917593613
6008.960802203129 0.0911524296
6011.767657913826 0.0917640105
6014.574823622312 0.0945994183
6017.382298888231 0.10687197
6020.190083271236 0.1329391
6022.998176330972 0.141624615
6025.80657762708 0.141966164
6028.615286719211 0.146978632
6031.424303167012 0.158010006
6034.233626530127 0.160911962
6037.043256368207 0.15891239
6039.853192240893 0.151915237
6042.663433707835 0.132199511
6045.473980328679 0.119455576
6048.284831663072 0.121953219
6051.095987270658 0.119311191
6053.907446711089 0.109767206
6056.719209544006 0.10227973
6059.531275329058 0.100143068
6062.343643625892 0.0981425419
6065.156313994153 0.0955917463
6067.969285993491 0.0929304883
6070.782559183549 0.0879393816
6073.596133123974 0.0857302174
6076.410007374416 0.0857309848
6079.224181494517 0.0865292773
6082.038655043926 0.0870160311
6084.853427582289 0.0887131169
6087.6684986692535 0.0923548266
6090.483867864466 0.0953989252
6093.299534727572 0.0994829834
6096.11549881822 0.101667613
6098.931759696054 0.105992496
6101.748316920723 0.121281564
6104.56517005187 0.135153428
6107.382318649145 0.135116413
6110.199762272196 0.132732928
6113.017500480664 0.130959094
6115.8355328342 0.127647936
6118.653858892452 0.124230161
6121.4724782150615 0.120878793
6124.291390361679 0.109245449
6127.110594891948 0.0936316326
6129.930091365518 0.0907369107
6132.7498793420355 0.0928313136
6135.569958381144 0.0934491977
6138.390328042494 0.0926377773
6141.21098788573 0.0943783149
6144.031937470498 0.0980292186
6146.853176356447 0.0984848216
6149.674704103221 0.0974751338
6152.496520270468 0.0964476913
6155.318624417834 0.0975460559
6158.141016104965 0.10757558
6160.963694891511 0.12553221
6163.786660337116 0.127933621
6166.609912001424 0.12445569
6169.4334494440845 0.122585587
6172.257272224747 0.122106075
6175.081379903052 0.121333681
6177.905772038652 0.118262947
6180.730448191189 0.109271906
6183.555407920311 0.0913934112
6186.380650785665 0.0820146203
6189.206176346898 0.0815571845
6192.031984163656 0.0813449547
6194.858073795585 0.081589289
6197.684444802332 0.0825978369
6200.511096743547 0.0860059485
6203.33802917887 0.0890130177
6206.1652416679535 0.0902493298
6208.992733770439 0.0901008919
6211.820505045978 0.0899656191
6214.648555054215 0.0903641507
6217.476883354793 0.0908804163
6220.305489507367 0.0899548382
6223.134373071577 0.0872746632
6225.9635336070705 0.0838931128
6228.792970673496 0.0833784491
6231.622683830498 0.0857034698
6234.452672637726 0.0868991986
6237.282936654822 0.0872390866
6240.113475441436 0.0867770687
6242.944288557215 0.0859400779
6245.775375561803 0.0854962617
6248.60673601485 0.0851925313
6251.438369476 0.0836723819
6254.2702755048995 0.0810306445
6257.102453661196 0.0789564997
6259.934903504536 0.0782526061
6262.767624594569 0.0778820515
6265.600616490936 0.077549018
6268.433878753286 0.0777578354
6271.267410941267 0.0779420212
6274.101212614523 0.0778174326
6276.935283332703 0.0776223913
6279.7696226554535 0.0777366832
6282.6042301424195 0.0796655566
6285.439105353249 0.082251817
6288.274247847587 0.0831020102
6291.109657185082 0.0831494033
6293.945332925379 0.085465312
6296.781274628125 0.0893596709
6299.617481852968 0.0899867192
6302.453954159553 0.0898580626
6305.290691107528 0.0886164904
6308.127692256539 0.0857967064
6310.964957166231 0.084622629
6313.802485396252 0.0845229626
6316.6402765062485 0.0828005672
6319.4783300558665 0.079449445
6322.316645604755 0.0782717094
6325.155222712558 0.0784808025
6327.994060938921 0.0783100426
6330.833159843496 0.0780279487
6333.672518985924 0.0778962523
6336.5121379258535 0.0774452314
6339.3520162229315 0.076966919
6342.192153436805 0.07687255
6345.03254912712 0.0768813565
6347.873202853523 0.0772293359
6350.714114175662 0.0773812532
6353.55528265318 0.0782966018
6356.396707845727 0.0800013915
6359.238389312948 0.0814245939
6362.080326614489 0.0810848251
6364.922519310001 0.0809645131
6367.764966959125 0.0810338408
6370.60766912151 0.0837626904
6373.450625356803 0.089865908
6376.293835224651 0.0911229551
6379.137298284699 0.0901301652
6381.981014096594 0.0893014669
6384.824982219982 0.0899609178
6387.669202214511 0.0914047211
6390.513673639829 0.0919573233
6393.358396055579 0.0900814161
6396.203369021409 0.0846031606
6399.048592096968 0.0828138366
6401.894064841899 0.0917616189
6404.73978681585 0.112386473
6407.585757578467 0.120051563
6410.431976689399 0.120013289
6413.278443708289 0.11929784
6416.125158194787 0.119023904
6418.972119708537 0.119511969
6421.8193278091885 0.118412502
6424.666782056386 0.111876301
6427.514482009774 0.0939393491
6430.362427229003 0.0801592991
6433.2106172737185 0.0786924586
6436.059051703567 0.0785067305
6438.9077300781955 0.0778402686
6441.756651957248 0.0768958256
6444.605816900374 0.0761768594
6447.455224467219 0.0753029883
6450.304874217429 0.0747464672
6453.154765710652 0.0754365176
6456.004898506533 0.0765416771
6458.855272164721 0.0773904771
6461.705886244861 0.0778434351
6464.556740306599 0.0778010711
6467.407833909582 0.0790739805
6470.259166613458 0.0820382982
6473.1107379778705 0.0854314491
6475.962547562471 0.0852700844
6478.814594926902 0.0829300582
6481.666879630811 0.0820981637
6484.519401233845 0.0826190263
6487.372159295651 0.0825609267
6490.225153375874 0.0819987878
6493.0783830341625 0.0797177106
6495.931847830162 0.0764518753
6498.7855473235195 0.0752784982
6501.63948107388 0.075346753
6504.493648640893 0.0751459822
6507.348049584207 0.0740480423
6510.202683463461 0.0731645823
6513.057549838307 0.0724533573
6515.9126482683905 0.0722810775
6518.76797831336 0.0716150105
6521.623539532859 0.0712716356
6524.479331486533 0.0729779601
6527.335353734034 0.0753212869
6530.1916058350025 0.0761559755
6533.048087349091 0.076733835
6535.904797835941 0.077264443
6538.761736855202 0.0771259591
6541.6189039665205 0.076975897
6544.476298729542 0.0766651407
6547.3339207039135 0.075653322
6550.191769449283 0.0732374936
6553.049844525295 0.0717420205
6555.908145491597 0.0711410046
6558.766671907836 0.0709111691
6561.625423333657 0.070869796
6564.484399328709 0.0708876774
6567.343599452637 0.0704671592
6570.203023265087 0.0705457032
6573.062670325707 0.0707664043
6575.922540194141 0.0700018927
6578.782632430041 0.0698570684
6581.64294659305 0.0702303201
6584.503482242813 0.0707469806
6587.364238938981 0.0712497309
6590.225216241196 0.0727308616
6593.0864137091085 0.0759478658
6595.947830902362 0.0783100277
6598.809467380606 0.0788634121
6601.671322703483 0.0790519714
6604.533396430645 0.0790437758
6607.395688121733 0.0787488893
6610.258197336397 0.0786121041
6613.120923634283 0.0777897611
6615.983866575038 0.0746168345
6618.847025718307 0.0719592646
6621.710400623739 0.0716813803
6624.573990850978 0.0741672441
6627.437795959674 0.0809879452
6630.30181550947 0.0881118104
6633.166049060015 0.0949321389
6636.0304961709535 0.0966074169
6638.8951564019335 0.0968050733
6641.760029312603 0.0971096233
6644.625114462606 0.0968337953
6647.49041141159 0.0964889377
6650.355919719203 0.0936001316
6653.221638945088 0.0905343071
6656.087568648895 0.0886089206
6658.95370839027 0.086974442
6661.820057728857 0.0909687653
6664.686616224308 0.1097029
6667.553383436264 0.135828882
6670.420358924375 0.14188844
6673.287542248286 0.144763544
6676.1549329676445 0.143584132
6679.022530642094 0.139209732
6681.890334831287 0.136937886
6684.758345094868 0.13374263
6687.62656099248 0.121232517
6690.494982083774 0.0963190868
6693.363607928393 0.0841289088
6696.232438085985 0.0791100487
6699.101472116198 0.0754565597
6701.970709578678 0.0744423792
6704.84015003307 0.0744251236
6707.709793039023 0.074929148
6710.579638156181 0.0740618557
6713.449684944192 0.0722726956
6716.319932962702 0.0720100626
6719.19038177136 0.0721407533
6722.06103092981 0.0725807548
6724.931879997699 0.0724611729
6727.802928534674 0.0726286024
6730.674176100381 0.0715511963
6733.545622254468 0.0705168918
6736.41726655658 0.0726606697
6739.289108566365 0.0913435668
6742.16114784347 0.135812253
6745.033383947537 0.159931108
6747.90581643822 0.163633287
6750.77844487516 0.164820433
6753.651268818005 0.166875347
6756.524287826402 0.171306059
6759.397501459998 0.170662016
6762.270909278439 0.156711578
6765.144510841371 0.11943505
6768.018305708441 0.0864867941
6770.892293439299 0.0795815587
6773.766473593585 0.0785739124
6776.640845730952 0.0766830295
6779.51540941104 0.0725350901
6782.390164193503 0.0700140297
6785.265109637983 0.0697005317
6788.1402453041255 0.0695795715
6791.0155707515805 0.0696755946
6793.891085539994 0.0695127994
6796.76678922901 0.0697965398
6799.642681378278 0.0703483
6802.518761547444 0.0704365894
6805.395029296154 0.0704988539
6808.271484184054 0.0709376112
6811.148125770793 0.0710656345
6814.024953616015 0.0713102818
6816.9019672793665 0.072879225
6819.779166320495 0.0729532465
6822.65655029905 0.0732216612
6825.534118774673 0.0730346292
6828.411871307013 0.0730108321
6831.289807455717 0.0721529126
6834.16792678043 0.0722242966
6837.046228840802 0.0722565725
6839.924713196474 0.0712370574
6842.8033794071 0.0711206049
6845.682227032318 0.0716460049
6848.561255631782 0.0735108554
6851.440464765136 0.0781243145
6854.319853992026 0.081769079
6857.1994228721 0.0930899009
6860.079170965001 0.129060552
6862.959097830379 0.162407547
6865.839203027881 0.168138564
6868.719486117149 0.170228526
6871.599946657836 0.170185655
6874.480584209585 0.169212148
6877.361398332042 0.170247078
6880.242388584857 0.164163142
6883.123554527672 0.135776356
6886.004895720136 0.0980996788
6888.886411721896 0.087137714
6891.768102092599 0.0850226358
6894.649966391891 0.0833986178
6897.532004179417 0.081755273
6900.4142150148255 0.0774082094
6903.296598457762 0.0741701797
6906.179154067875 0.0732919276
6909.061881404808 0.0736025348
6911.944780028209 0.0744407251
6914.827849497728 0.0751070306
6917.711089373005 0.00682372227
6920.594499213692 0.00697997771
6923.478078579433 0.00727158459
6926.361827029876 0.00848270766
6929.245744124667 0.00988993514
6932.129829423452 0.0102528818
6935.014082485879 0.0102235964
6937.898502871592 0.0102983825
6940.78309014024 0.0107147871
6943.667843851472 0.0110590216
6946.552763564928 0.0115833441
6949.437848840258 0.0159124825
6952.323099237109 0.0537250377
6955.208514315128 0.153161138
6958.094093633961 0.216594845
6960.979836753255 0.225802511
6963.865743232655 0.226603508
6966.75181263181 0.22642687
6969.638044510365 0.225824282
6972.524438427967 0.220443651
6975.410993944261 0.190314367
6978.297710618897 0.107440963
6981.184588011518 0.0275858603
6984.071625681774 0.00975636579
6986.9588231893085 0.00792078394
6989.846180093769 0.0074962643
6992.733695954805 0.00730834575
6995.621370332059 0.00733017316
6998.509202785181 0.00741864135
7001.397192873814 0.00768336514
7004.2853401576085 0.00785879418
7007.173644196207 0.00776402606
7010.06210454926 0.00766541064
7012.950720776411 0.00787106436
7015.839492437307 0.00843117014
7018.7284190916 0.0105963349
7021.617500298927 0.0135732675
7024.506735618943 0.0142309628
7027.396124611289 0.0140581122
7030.285666835616 0.0141599216
7033.175361851568 0.0142647941
7036.065209218792 0.0144822579
7038.955208496933 0.0143449251
7041.845359245641 0.0130455578
7044.735661024561 0.0102326991
7047.626113393339 0.00900240056
7050.516715911623 0.0107871527
7053.4074681390575 0.029988518
7056.298369635289 0.100466855
7059.18941995997 0.183151335
7062.0806186727405 0.203547373
7064.971965333249 0.205363259
7067.863459501141 0.20569399
7070.7551007360635 0.205330431
7073.6468885976665 0.203141049
7076.538822645593 0.188126788
7079.43090243949 0.13221024
7082.323127539005 0.0480053686
7085.215497503785 0.0132677117
7088.108011893475 0.00848909467
7091.000670267725 0.00776047539
7093.893472186177 0.00753303431
7096.78641720848 0.00796840712
7099.679504894279 0.00823064893
7102.572734803222 0.00829257164
7105.46610649496 0.00842578895
7108.359619529132 0.00830596685
7111.253273465387 0.00828203652
7114.147067863372 0.0085726101
7117.041002282736 0.00911615696
7119.935076283124 0.00894863438
7122.829289424179 0.00838494021
7125.723641265552 0.00814569369
7128.618131366888 0.00799254049
7131.512759287834 0.00870675035
7134.407524588039 0.0135748154
7137.302426827146 0.0262461063
7140.197465564801 0.0350073166
7143.092640360654 0.0363449343
7145.987950774348 0.036803551
7148.883396365534 0.0369700938
7151.778976693855 0.037071269
7154.674691318957 0.0364736766
7157.570539800491 0.0327113569
7160.466521698099 0.0220926888
7163.362636571431 0.0111495173
7166.258883980132 0.00799658522
7169.155263483848 0.00759029342
7172.0517746422265 0.00731532881
7174.948417014914 0.00692965742
7177.845190161557 0.00676923385
7180.742093641802 0.00671139127
7183.639127015297 0.00667983713
7186.536289841686 0.00681129936
7189.433581680618 0.00680295425
7192.331002091736 0.0069849845
7195.2285506346925 0.00783361774
7198.126226869128 0.00958499406
7201.0240303546925 0.0105288634
7203.921960651034 0.0105869044
7206.820017317796 0.0106375329
7209.718199914624 0.0105601661
7212.616508001169 0.0106680188
7215.514941137073 0.0105172182
7218.413498881988 0.00986060966
7221.312180795557 0.00854564738
7224.210986437425 0.00760141155
7227.109915367242 0.00745436735
7230.008967144651 0.00748307398
7232.908141329304 0.00764797255
7235.807437480846 0.00781421177
7238.70685515892 0.00789809413
7241.606393923173 0.00775312493
7244.506053333256 0.00775033189
7247.405832948811 0.00777651696
7250.305732329487 0.0076798955
7253.205751034931 0.00789291505
7256.105888624788 0.00875024591
7259.006144658706 0.0129637821
7261.906518696329 0.0315176211
7264.807010297309 0.0616728589
7267.707619021287 0.0738753304
7270.608344427912 0.075879328
7273.50918607683 0.0763235167
7276.410143527688 0.0762416422
7279.311216340135 0.075736396
7282.212404073813 0.0717550516
7285.11370628837 0.0567371659
7288.015122543453 0.0287863296
7290.91665239871 0.0117739905
7293.8182954137865 0.00838459376
7296.720051148328 0.00793515798
7299.621919161984 0.0081012249
7302.523899014398 0.00906961132
7305.425990265219 0.0103475777
7308.328192474093 0.0112890592
7311.230505200664 0.0117856804
7314.132928004583 0.0122873466
7317.035460445492 0.0125079323
7319.938102083041 0.0124642048
7322.8408524768765 0.0122103542
7325.743711186642 0.01128559
7328.646677771991 0.010166903
7331.54975179256 0.0091003431
7334.4529328080025 0.00852907915
7337.356220377966 0.00810723472
7340.259614062091 0.0084464578
7343.16311342003 0.00999545306
7346.066718011425 0.011727592
7348.970427395927 0.0123208873
7351.87424113318 0.0126882335
7354.778158782832 0.0130174756
7357.6821799045265 0.0134967081
7360.586304057913 0.0156985298
7363.490530802639 0.0200723819
7366.394859698351 0.0227386281
7369.299290304691 0.0307119563
7372.203822181311 0.0846714079
7375.108454887852 0.213358998
7378.0131879839655 0.301817
7380.918021029299 0.323000312
7383.8229535834935 0.32455036
7386.727985206199 0.321902335
7389.6331154570635 0.317960978
7392.538343895731 0.308114767
7395.44367008185 0.263577878
7398.349093575063 0.15360333
7401.254613935023 0.0488970168
7404.1602307213725 0.0164197497
7407.065943493759 0.0114812953
7409.971751811829 0.0100747664
7412.877655235229 0.00977005996
7415.783653323606 0.0098114321
7418.689745636606 0.00998214539
7421.595931733875 0.0101216407
7424.502211175062 0.0104824258
7427.408583519812 0.0112967435
7430.315048327771 0.0118827121
7433.221605158587 0.0119539853
7436.128253571906 0.0118396766
7439.034993127374 0.0116152307
7441.941823384638 0.0114085274
7444.848743903344 0.0114132427
7447.755754243141 0.0111710122
