tests/wavecal_2col.ecsv
# %ECSV 1.0
# ---
# datatype:
# - {name: wavelength, datatype: float64}
# - {name: normalized count, datatype: float64}
# meta:
#   DATE: !!python/tuple ['2021-11-15 13:12', Date file was generated]
#   NPEAKD: !!python/tuple [66, Number of peaks detected]
#   NPEAKU: !!python/tuple [49, Number of peaks used]
#   NPIECES: !!python/tuple [1, Number of spline3 pieces (``order`` in iraf)]
#   ORIGIN: !!python/tuple [wavecal UI version 0.0.1, File originator]
#   RMS: !!python/tuple [3.339, Root mean squared of fitting]
# schema: astropy-2.0
wavelength "normalized count"
3275.6329962942286 0.020218309
3277.856619653436 0.0201383941
3280.0810237482187 0.019899426
3282.306208138221 0.0200161319
3284.5321723830903 0.0201179609
3286.7589160424736 0.0206154454
3288.9864386760155 0.0212738011
3291.214739843367 0.0222146157
3293.443819104169 0.0228547752
3295.6736760180725 0.0230190251
3297.904310144722 0.0228969343
3300.1357210437645 0.0230509154
3302.367908274849 0.0226470772
3304.600871397618 0.0221555755
3306.8346099717196 0.0215962343
3309.069123556803 0.0206191409
3311.3044117125105 0.0198170207
3313.540473998492 0.0194907021
3315.7773099743927 0.0194912069
3318.01491919986 0.0194358192
3320.25330123454 0.0194127541
3322.492455638078 0.0194749497
3324.732381970123 0.0195430107
3326.973079790318 0.0194831062
3329.2145486583154 0.0196708422
3331.4567881337557 0.019658681
3333.6997977762903 0.019913543
3335.9435771455637 0.020281693
3338.188125801221 0.020693263
3340.4334433029103 0.02171655
3342.6795292102797 0.0228831731
3344.926383082974 0.0234493855
3347.1740044806393 0.0233991742
3349.422392962924 0.0234679226
3351.671548089473 0.0234194305
3353.9214694199336 0.0231733955
3356.1721565139533 0.0227487385
3358.4236089311767 0.0218103193
3360.6758262312514 0.0208234955
3362.9288079738258 0.0202230308
3365.182553718544 0.0200184621
3367.437063025052 0.0201736446
3369.6923354530004 0.0202550981
3371.9483705620305 0.0201688297
3374.2051679117926 0.0202699136
3376.462727061934 0.0202791505
3378.7210475720976 0.0204266291
3380.9801290019336 0.0204676222
3383.2399709110855 0.0204037149
3385.5005728592037 0.0205444731
3387.761934405931 0.0206540413
3390.024055110914 0.0207994748
3392.286934533803 0.0208524037
3394.550572234242 0.0208479073
3396.814967771878 0.0211147182
3399.080120706358 0.0211638436
3401.3460305973276 0.0211386476
3403.6126970044347 0.0213328805
3405.8801194873254 0.0214266758
3408.1482976056445 0.0213532858
3410.4172309190412 0.0216656327
3412.6869189871622 0.0217136461
3414.9573613696516 0.0220328961
3417.2285576261584 0.0224661008
3419.500507316327 0.0228951946
3421.773209999806 0.0229711998
3424.0466652362397 0.0231097862
3426.320872585279 0.023130307
3428.595831606567 0.0234002806
3430.871541859749 0.0236843321
3433.148002904476 0.0234607775
3435.425214300391 0.0235107299
3437.703175607143 0.02353351
3439.981886384376 0.0235416051
3442.261346191738 0.0236285217
3444.5415545888773 0.0239124
3446.8225111354373 0.0237557124
3449.1042153910676 0.0238830429
3451.3866669154118 0.0243101399
3453.6698652681202 0.0246383734
3455.953810008835 0.0246595945
3458.238500697204 0.0248427149
3460.523936892878 0.0252523217
3462.810118155499 0.0252860654
3465.097044044715 0.0257109627
3467.384714120172 0.0259813648
3469.6731279415194 0.0262801889
3471.9622850683995 0.0269449539
3474.252185060461 0.0276025664
3476.542827477351 0.0281371027
3478.8342118787164 0.0285649803
3481.1263378242033 0.0287477076
3483.4192048734567 0.0287855025
3485.712812586124 0.0288761966
3488.007160521855 0.0289532412
3490.302248240292 0.0289332699
3492.598075301082 0.029053878
3494.8946412638747 0.0291214157
3497.191945688313 0.0291196592
3499.489988134048 0.0290386528
3501.7887681607226 0.0292663407
3504.088285327983 0.0295432359
3506.3885391954786 0.029869549
3508.689529322856 0.0301588923
3510.9912552697574 0.0302462056
3513.293716595834 0.0305862352
3515.5969128607303 0.0305616464
3517.900843624094 0.0308639035
3520.205508445571 0.0315456055
3522.5109068848096 0.0317317992
3524.8170385014523 0.0318600424
3527.123902855148 0.0318745002
3529.4314995055456 0.0319980942
3531.7398280122884 0.0323671475
3534.0488879350255 0.0325051658
3536.3586788334005 0.0328725614
3538.6692002670625 0.0327280685
3540.9804517956577 0.0329000913
3543.292432978832 0.0331625156
3545.6051433762323 0.03328114
3547.918582547506 0.0334807523
3550.2327500522974 0.0334185474
3552.547645450257 0.0336171538
3554.863268301027 0.0338345021
3557.179618164257 0.0338807181
3559.4966945995925 0.0340143144
3561.814497166678 0.0342821851
3564.1330254251666 0.0344819613
3566.4522789346966 0.034638118
3568.772257254922 0.034912508
3571.0929599454835 0.0351230688
3573.414386566031 0.0354635641
3575.7365366762097 0.0355170257
3578.0594098356696 0.0359376222
3580.3830056040515 0.0361350961
3582.7073235410057 0.0362881199
3585.0323632061786 0.0366808027
3587.358124159218 0.0366524495
3589.6846059597656 0.0370673016
3592.011808167474 0.0374162123
3594.339730341986 0.0375551321
3596.6683720429473 0.037938159
3598.997732830009 0.03797267
3601.3278122628144 0.0382607616
3603.6586099010124 0.0384977199
3605.990125304245 0.0387803167
3608.3223580321633 0.0390079953
3610.655307644412 0.0393161401
3612.9889737006397 0.0394507088
3615.32335576049 0.0398244858
3617.658453383612 0.0400996059
3619.9942661296495 0.0400290936
3622.3307935582516 0.0407088734
3624.6680352290646 0.0409694463
3627.005990701736 0.0411342047
3629.3446595359082 0.0415646061
3631.684041291232 0.0416673347
3634.024135527354 0.0419646651
3636.364941803917 0.042116195
3638.7064596805717 0.0429590829
3641.0486887169627 0.0440143831
3643.3916284727356 0.0446401685
3645.7352785075386 0.0453701876
3648.0796383810202 0.0457661524
3650.4247076528236 0.0459557176
3652.770485882597 0.0461867154
3655.116972629986 0.0464907326
3657.4641674546374 0.0464498624
3659.8120699161996 0.046518553
3662.160679574318 0.046276696
3664.5099959886356 0.0456892028
3666.860018718805 0.0456607416
3669.210747324471 0.0460003652
3671.5621813652797 0.0466279835
3673.9143204008765 0.0469328612
3676.2671639909076 0.0469858944
3678.6207116950222 0.0473198667
3680.9749630728647 0.0476758592
3683.329917684085 0.0480752476
3685.685575088326 0.0484599061
3688.041934845236 0.0491010249
3690.39899651446 0.0497741662
3692.7567596556473 0.0505134277
3695.115223828442 0.0514241755
3697.4743885924927 0.052816797
3699.8342535074444 0.0547546223
3702.1948181329444 0.0580064952
3704.55608202864 0.0614625514
3706.918044754175 0.0630178973
3709.280705869199 0.0636468008
3711.644064933359 0.0646058172
3714.0081215062996 0.0659652725
3716.3728751476665 0.0675096363
3718.73832541711 0.0695639476
3721.1044718742737 0.0716790706
3723.471314078805 0.0717900246
3725.83885159035 0.0708995759
3728.2070839685575 0.072326012
3730.5760107730703 0.0747471452
3732.9456315635393 0.0768429488
3735.3159458996065 0.076435253
3737.6869533409217 0.0747606233
3740.0586534471327 0.0714136735
3742.4310457778824 0.0684195384
3744.8041298928197 0.0671080649
3747.1779053515897 0.0661183298
3749.5523717138417 0.0645726919
3751.927528539218 0.0624880567
3754.303375387369 0.0608125925
3756.6799118179415 0.0599068776
3759.05713739058 0.0594724938
3761.43505166493 0.0588247366
3763.8136542006423 0.0582159646
3766.1929445573596 0.0576095246
3768.57292229473 0.0573003367
3770.9535869724004 0.056300059
3773.334938150016 0.0558348484
3775.7169753872254 0.0560605004
3778.099698243673 0.0563038513
3780.48310627901 0.0565502532
3782.8671990528774 0.0568577573
3785.2519761249227 0.0572008416
3787.637437054796 0.057509806
3790.0235814021407 0.0580577478
3792.4104087266046 0.0581797957
3794.7979185878353 0.0589842424
3797.1861105454764 0.0599438213
3799.5749841591773 0.0613211431
3801.9645389885836 0.063212961
3804.354774593343 0.065087229
3806.7456905330987 0.0681258366
3809.1372863675 0.0718386546
3811.529561656195 0.0750774071
3813.9225159588264 0.0784773603
3816.3161488350447 0.0797485709
3818.710459844494 0.079241015
3821.105448546821 0.0788113922
3823.501114501674 0.0780603364
3825.8974572686966 0.0766895935
3828.2944764075387 0.074216105
3830.6921714778455 0.0714020506
3833.0905420392623 0.068666108
3835.4895876514383 0.0671841502
3837.889307874019 0.0679862723
3840.2897022666493 0.0715548247
3842.6907703889774 0.0755480006
3845.09251180065 0.0821155608
3847.4949260613153 0.0916216969
3849.8980127306168 0.100553185
3852.3017713682016 0.102219388
3854.706201533716 0.101794839
3857.11130278681 0.101109624
3859.517074687127 0.0984954387
3861.9235167943143 0.0948405415
3864.330628668019 0.0900976136
3866.738409867887 0.0841908008
3869.1468599535656 0.0780193061
3871.5559784847014 0.0745169073
3873.965765020939 0.0779066086
3876.3762191219275 0.082918115
3878.7873403473136 0.0846345201
3881.199128256742 0.0843900889
3883.611582409861 0.0847618058
3886.024702366315 0.0841723979
3888.438487685753 0.0826360285
3890.8529379278207 0.0805357397
3893.268052652164 0.077590391
3895.683831418431 0.0722839683
3898.1002737862677 0.0674650744
3900.5173793153203 0.0658220798
3902.935147565235 0.064214319
3905.353578095659 0.0630981773
3907.7726704662396 0.0625488311
3910.1924242366217 0.0636631548
3912.6128389664523 0.0674287006
3915.03391421538 0.0725059733
3917.4556495430493 0.0780169666
3919.8780445091083 0.08399266
3922.3010986732006 0.0870584026
3924.7248115949765 0.087446712
3927.149182834081 0.0863527507
3929.5742119501606 0.0838415921
3931.999898502863 0.080216825
3934.4262420518326 0.0770461336
3936.8532421567184 0.074293986
3939.280898377165 0.0710476488
3941.7092102728193 0.0669707283
3944.1381774033284 0.0650574863
3946.56779932834 0.0647697151
3948.998075607499 0.0644147769
3951.4290058004526 0.0639951974
3953.860589466848 0.0626286343
3956.292826166331 0.0606320277
3958.7257154585477 0.0584729388
3961.1592569031463 0.0575988814
3963.593450059773 0.0578021929
3966.028294488073 0.0582083575
3968.463789747695 0.0590042211
3970.899935398284 0.0593848266
3973.3367309994865 0.0595035851
3975.77417611095 0.0589909665
3978.212270292321 0.0584577508
3980.651013103245 0.0574621484
3983.09040410337 0.0572068095
3985.530442852342 0.0574239679
3987.9711289098072 0.0579510629
3990.4124618354144 0.0577836819
3992.854441188806 0.0576041862
3995.297066529632 0.0577985831
3997.740337417539 0.0583390668
4000.1842534121724 0.0586105399
4002.6288140731776 0.058886461
4005.074018960204 0.0592222176
4007.519867632897 0.0587968268
4009.966359650902 0.0580621995
4012.4134945738674 0.0580952764
4014.86127196144 0.0584262647
4017.3096913732634 0.058996819
4019.7587523689867 0.0608026423
4022.2084545082566 0.0640481636
4024.658797350719 0.0685765371
4027.1097804560213 0.0725596026
4029.5614033838087 0.0762657225
4032.0136656937284 0.0810931846
4034.466566945427 0.0889919549
4036.920106698552 0.0994453877
4039.374284512749 0.106930897
4041.829099947665 0.108254753
4044.284552562947 0.10759905
4046.74064191824 0.106614448
4049.1973675731924 0.103771172
4051.65472908745 0.10057655
4054.1127260206595 0.0969888642
4056.571357932465 0.0927705318
4059.030624382518 0.0890652835
4061.4905249304625 0.0914353579
4063.951059135945 0.101985954
4066.4122265586125 0.112702742
4068.874026758112 0.115826681
4071.3364592940884 0.119185753
4073.79952372619 0.122103915
4076.263219614063 0.12015263
4078.727546517353 0.113797449
4081.1925039957086 0.107013062
4083.6580916087755 0.0956109241
4086.124308916199 0.0810218379
4088.5911554776276 0.072735101
4091.058630852706 0.0715852752
4093.526734601082 0.0717730075
4095.9954662824025 0.0756857917
4098.4648254563135 0.082588017
4100.934811682462 0.0849826485
4103.405424520494 0.0853957757
4105.876663530057 0.0853923112
4108.348528270796 0.0843287706
4110.82101830236 0.082187973
4113.294133184394 0.0781541169
4115.767872476544 0.0730231032
4118.2422357384585 0.0681304038
4120.717222529783 0.0701114982
4123.192832410163 0.0817510039
4125.669064939248 0.0970186889
4128.145919676681 0.104674622
4130.623396182111 0.105603263
4133.101494015184 0.105562314
4135.580212735547 0.10580606
4138.0595519028475 0.104845628
4140.539511076729 0.101089001
4143.02008981684 0.0942934752
4145.501287682828 0.0854500234
4147.9831042343385 0.0833430588
4150.465539031018 0.0990057439
4152.948591632513 0.120929368
4155.43226159847 0.130954638
4157.916548488538 0.132722944
4160.401451862361 0.133274078
4162.886971279585 0.132295519
4165.373106299859 0.129275218
4167.859856482827 0.122602314
4170.347221388139 0.110552229
4172.835200575439 0.0935979858
4175.323793604374 0.0821069926
4177.813000034591 0.0830300972
4180.302819425736 0.0862076283
4182.793251337456 0.0937073454
4185.284295329399 0.106637508
4187.77595096121 0.121083103
4190.268217792534 0.141775548
4192.761095383022 0.171933785
4195.254583292315 0.197307453
4197.748681080066 0.203031316
4200.243388305917 0.200264215
4202.738704529515 0.1952191
4205.234629310507 0.185862005
4207.731162208541 0.173332095
4210.228302783263 0.159565434
4212.7260505943195 0.136960134
4215.224405201357 0.108703107
4217.72336616402 0.0937648043
4220.222933041959 0.0968472585
4222.723105394818 0.103782117
4225.223882782243 0.108113073
4227.725264763884 0.110026911
4230.227250899385 0.112497814
4232.729840748392 0.113173887
4235.233033870554 0.111127168
4237.736829825516 0.107736148
4240.241228172924 0.103821836
4242.746228472425 0.0995278284
4245.251830283667 0.0985238776
4247.758033166295 0.102208793
4250.264836679958 0.108670481
4252.7722403843 0.121379413
4255.280243838966 0.138101771
4257.788846603608 0.148358747
4260.29804823787 0.16174604
4262.807848301396 0.17871733
4265.318246353837 0.198214248
4267.829241954836 0.223581403
4270.340834664042 0.252135575
4272.8530240411 0.278319389
4275.365809645658 0.27189216
4277.879191037361 0.260566592
4280.3931677758555 0.249809906
4282.907739420792 0.234058693
4285.422905531812 0.215339601
4287.938665668565 0.189774156
4290.455019390696 0.161564469
4292.971966257852 0.132637993
4295.4895058296825 0.11658363
4298.00763766583 0.118554279
4300.526361325943 0.123312578
4303.045676369668 0.131582618
4305.565582356652 0.135237172
4308.086078846541 0.133627817
4310.607165398981 0.130576164
4313.128841573619 0.124982044
4315.651106930102 0.117743425
4318.173961028076 0.115926042
4320.69740342719 0.121842131
4323.221433687087 0.128757685
4325.746051367414 0.141104594
4328.271256027822 0.157645091
4330.797047227952 0.16707091
4333.323424527455 0.171131805
4335.850387485974 0.17740947
4338.3779356631585 0.188705727
4340.906068618653 0.206678331
4343.434785912105 0.224725693
4345.9640871031625 0.220185906
4348.493971751469 0.203595787
4351.024439416674 0.191858798
4353.555489658422 0.187908649
4356.08712203636 0.187062055
4358.619336110137 0.182798937
4361.152131439396 0.174449503
4363.685507583786 0.167160958
4366.219464102952 0.172615796
4368.754000556541 0.188253194
4371.289116504202 0.208539635
4373.824811505578 0.228302523
4376.3610851203175 0.246171296
4378.897936908067 0.257266909
4381.4353664284745 0.254036278
4383.973373241184 0.237446323
4386.5119569058415 0.214049757
4389.0511169820975 0.193609029
4391.590853029596 0.180669069
4394.131164607985 0.171887115
4396.672051276907 0.165944278
4399.213512596013 0.155302539
4401.755548124948 0.146281615
4404.29815742336 0.144662246
4406.841340050894 0.145172924
4409.385095567197 0.144847631
4411.929423531916 0.142972544
4414.474323504697 0.140781149
4417.0197950451875 0.142910406
4419.56583771303 0.163354605
4422.112451067878 0.192502573
4424.659634669375 0.211931378
4427.207388077166 0.224383593
4429.7557108509 0.228643015
4432.304602550221 0.228769779
4434.854062734777 0.226380616
4437.404090964215 0.216028467
4439.954686798182 0.194832191
4442.505849796324 0.165179461
4445.057579518287 0.141148224
4447.609875523716 0.125060052
4450.162737372261 0.117862649
4452.716164623569 0.115486272
4455.270156837284 0.115235627
4457.824713573054 0.115069896
4460.379834390524 0.113804936
4462.935518849341 0.112501509
4465.491766509154 0.113777846
4468.048576929607 0.122400619
4470.605949670349 0.135015324
4473.1638842910215 0.146194324
4475.722380351278 0.161331967
4478.281437410759 0.172038868
4480.841055029116 0.172209442
4483.401232765994 0.1716398
4485.961970181037 0.169484407
4488.523266833894 0.162231892
4491.085122284212 0.15012145
4493.647536091637 0.138502687
4496.210507815815 0.124860734
4498.774037016393 0.111345835
4501.338123253019 0.110581905
4503.902766085337 0.118723489
4506.467965072995 0.125822365
4509.033719775639 0.125942588
4511.600029752915 0.125220835
4514.166894564474 0.124909274
4516.734313769957 0.124666639
4519.3022869290135 0.123168461
